# SPECTRUM - DATA AND BEST FITTING MODEL.
# FOR PLOTTING
#
# Config file was: /home/mtannock/ModelFittingTools/ExampleFitting2/config.txt
# Input keywords were: /home/mtannock/ModelFittingTools/ExampleFitting2/config.txt
#     2MASS0407
#     /home/mtannock/ModelFittingTools/ExampleFitting2/sampledata2/
#     2M0407_GNIRS_baryvelcor_Nov9.dat
#     2M0407_GNIRS_error_baryvelcor_Nov9.dat
#     GNIRS
#     BTSETTL-CIFIST2011
#     /home/mtannock/ModelFittingTools/ExampleFitting2/samplemodels2/
#     /home/mtannock/ModelFittingTools/ExampleFitting2/BT-Settlmodelnames.txt
#     K
#     2.275,2.3322
#     2.31,2.32
#     0
#     /home/mtannock/ModelFittingTools/ExampleFitting2/
#     Sept10_2022
#     80
#     85
#     1.0
#     40
#     45
#     1.0
#     0.6
#     0.018
#     0
#     /home/mtannock/ModelFittingTools/ExampleFitting2/samplemodels2/
#     Scale
#     5
#     1
#
# NO TELLURIC LINE MASK APPLIED
# MODEL IS: lte017-5.0-0.0a+0.0.BT-Settl.spec.7
# VSINI IS: 84.000000
# RV IS: 44.000000
# DATA divided by factor -- factor: 0.98804181
# reduced chi square is:        1.2161050
#
# wavelength (um),    data flux,      uncertainty,     model flux
       2.2750206       1.1501059     0.048216176       1.2471002
       2.2750823       1.1616779     0.039025680       1.2537781
       2.2751439       1.1962134     0.033006580       1.2610578
       2.2752055       1.2281317     0.046755154       1.2686766
       2.2752671       1.2297515     0.033114659       1.2766402
       2.2753288       1.2215067     0.036241719       1.2844737
       2.2753904       1.2205959     0.045098177       1.2927839
       2.2754520       1.2716492     0.029180356       1.3022904
       2.2755136       1.3234682     0.038272079       1.3131761
       2.2755752       1.3001838     0.051611662       1.3249788
       2.2756369       1.2690725     0.048718207       1.3358620
       2.2756985       1.2367671     0.048924989       1.3449732
       2.2757601       1.3587818     0.065500027       1.3452103
       2.2758217       1.3242303     0.073453618       1.3393642
       2.2758834       1.1691523     0.072182477       1.3283050
       2.2759450       1.1961449     0.077648798       1.3159572
       2.2760066       1.3201198     0.074922868       1.3019970
       2.2760682       1.2604366     0.028780280       1.2893427
       2.2761298       1.1865615     0.058326156       1.2795725
       2.2761915       1.1768245     0.043946405       1.2719732
       2.2762531       1.1822325     0.064185689       1.2667186
       2.2763147       1.1721220     0.068375845       1.2627325
       2.2763763       1.1935110     0.059515487       1.2590806
       2.2764380       1.1816334     0.048909932       1.2553491
       2.2764996       1.1974892     0.046143940       1.2531766
       2.2765612       1.2278281     0.034052063       1.2510173
       2.2766228       1.2677645     0.052901974       1.2496751
       2.2766844       1.2318690     0.038648694       1.2506228
       2.2767461       1.1853179     0.038927306       1.2529019
       2.2768077       1.1833995     0.043609728       1.2566956
       2.2768693       1.1941354     0.047168167       1.2625004
       2.2769309       1.2144118     0.037864283       1.2695666
       2.2769926       1.2425338     0.020830987       1.2783578
       2.2770542       1.2476135     0.028683033       1.2877203
       2.2771158       1.2382851     0.042688751       1.2985527
       2.2771774       1.2645688     0.046128825       1.3061146
       2.2772390       1.2670764     0.064612575       1.3118740
       2.2773007       1.3140673     0.040639232       1.3151014
       2.2773623       1.2952901     0.041947036       1.3150341
       2.2774239       1.2514227     0.042649027       1.3159035
       2.2774855       1.2285345     0.046541483       1.3167347
       2.2775472       1.2827538     0.037603251       1.3164595
       2.2776088       1.2625723     0.031397632       1.3147399
       2.2776704       1.2553164     0.034549909       1.3146210
       2.2777320       1.2944704     0.045294458       1.3144411
       2.2777936       1.2826896     0.041770562       1.3148275
       2.2778553       1.2760813     0.041386655       1.3163550
       2.2779169       1.2713626     0.035856768       1.3152524
       2.2779785       1.2379471     0.045310763       1.3140888
       2.2780401       1.2563638     0.029433962       1.3122808
       2.2781018       1.2650324     0.033134843       1.3096485
       2.2781634       1.2360209     0.054788568       1.3082871
       2.2782250       1.2296005     0.040593602       1.3062607
       2.2782866       1.2277407     0.064985640       1.3015522
       2.2783482       1.2510119     0.055170771       1.2924193
       2.2784099       1.2616162     0.045660447       1.2811926
       2.2784715       1.2180156     0.044646352       1.2719392
       2.2785331       1.1775564     0.030034743       1.2649060
       2.2785947       1.1689492     0.060003363       1.2593775
       2.2786564       1.1879611     0.062424299       1.2552741
       2.2787180       1.1783586     0.037920989       1.2531411
       2.2787796       1.2037471     0.050292890       1.2510167
       2.2788412       1.2131043     0.032868048       1.2447606
       2.2789028       1.2020943     0.038479646       1.2363747
       2.2789645       1.3064745     0.051662484       1.2283214
       2.2790261       1.2380920     0.055361066       1.2223671
       2.2790877       1.1602088     0.038630624       1.2168019
       2.2791493       1.1904891     0.031971703       1.2118124
       2.2792110       1.2324565     0.047044350       1.2093946
       2.2792726       1.2211291     0.037024137       1.2086283
       2.2793342       1.1804420     0.051388051       1.2058384
       2.2793958       1.1819204     0.034254390       1.2051648
       2.2794574       1.1636241     0.039441219       1.2076468
       2.2795191       1.1916278     0.031480394       1.2132361
       2.2795807       1.1644893     0.049344261       1.2207365
       2.2796423       1.2320547     0.066128324       1.2271694
       2.2797039       1.2133956     0.053372222       1.2300707
       2.2797656       1.2000797     0.043930110       1.2309023
       2.2798272       1.1969914     0.043319487       1.2287777
       2.2798888       1.2247596     0.053743789       1.2197560
       2.2799504       1.2044052     0.047327428       1.2123894
       2.2800120       1.1869572     0.032975642       1.2064094
       2.2800737       1.2410397     0.057058656       1.2020379
       2.2801353       1.1886207     0.025676303       1.1962727
       2.2801969       1.1686012     0.031215897       1.1886727
       2.2802585       1.2011251     0.047979691       1.1835456
       2.2803202       1.1907625     0.054164645       1.1815645
       2.2803818       1.2018134     0.043253164       1.1812066
       2.2804434       1.1899309     0.042715383       1.1753067
       2.2805050       1.1562656     0.049929584       1.1632907
       2.2805666       1.1215149     0.043155243       1.1496072
       2.2806283       1.1237379     0.047423243       1.1340524
       2.2806899       1.1545118     0.042153234       1.1189106
       2.2807515       1.1112597     0.047279812       1.1092158
       2.2808131       1.0961816     0.025964235       1.1049006
       2.2808748       1.1311121     0.042236542       1.1048017
       2.2809364       1.1725975     0.048876007       1.1070916
       2.2809980       1.1537676     0.064899384       1.1135811
       2.2810596       1.0098094     0.045457552       1.1256797
       2.2811212       1.0678331     0.033960217       1.1428878
       2.2811829       1.1417234     0.042159687       1.1570419
       2.2812445       1.2018229     0.052718672       1.1688738
       2.2813061       1.2017897     0.053459842       1.1810101
       2.2813677       1.1946242     0.034300048       1.1914540
       2.2814294       1.1857257     0.033239504       1.2023634
       2.2814910       1.2222757     0.035141602       1.2125811
       2.2815526       1.2738940     0.045721197       1.2250245
       2.2816142       1.2745780     0.045266096       1.2406792
       2.2816758       1.2594375     0.037917730       1.2604560
       2.2817375       1.2646344     0.029537566       1.2822299
       2.2817991       1.2728065     0.041968109       1.2992986
       2.2818607       1.2879320     0.035934067       1.3101543
       2.2819223       1.3018652     0.030458912       1.3159485
       2.2819840       1.2716731     0.037396361       1.3152271
       2.2820456       1.2477120     0.039492953       1.3121730
       2.2821072       1.2647155     0.036612915       1.3102317
       2.2821688       1.2739224     0.041259570       1.3092428
       2.2822304       1.2650535     0.046090960       1.3087029
       2.2822921       1.2637260     0.034389876       1.3071469
       2.2823537       1.2716836     0.033779788       1.3061612
       2.2824153       1.2782550     0.033430632       1.3052698
       2.2824769       1.2469551     0.029499075       1.3043826
       2.2825386       1.2495685     0.026767350       1.3049350
       2.2826002       1.2648177     0.031409703       1.3060978
       2.2826618       1.2496831     0.041202151       1.3074805
       2.2827234       1.2663318     0.042568623       1.3094178
       2.2827850       1.2827227     0.073603972       1.3100986
       2.2828467       1.2871884     0.065266934       1.3092390
       2.2829083       1.2763090     0.048032595       1.3058441
       2.2829699       1.2142130     0.064885688       1.2993285
       2.2830315       1.1866139     0.061486207       1.2933223
       2.2830932       1.2621585     0.077283784       1.2870303
       2.2831548       1.2169112     0.065419918       1.2828944
       2.2832164       1.1382091     0.060544660       1.2810846
       2.2832780       1.1589726     0.031377309       1.2801272
       2.2833396       1.1691631     0.048817149       1.2773284
       2.2834013       1.1980778     0.056813614       1.2752927
       2.2834629       1.1848173     0.072745765       1.2743619
       2.2835245       1.1649610     0.068429675       1.2728380
       2.2835861       1.1775559     0.049138859       1.2690636
       2.2836478       1.1621529     0.040510239       1.2618591
       2.2837094       1.2043217     0.024640064       1.2555778
       2.2837710       1.1536077     0.044012858       1.2477329
       2.2838326       1.1590481     0.052180253       1.2415944
       2.2838942       1.2098737     0.044633700       1.2384223
       2.2839559       1.1928098     0.023340321       1.2367790
       2.2840175       1.2032857     0.060330102       1.2360910
       2.2840791       1.2736524     0.060117968       1.2372834
       2.2841407       1.2489945     0.056512316       1.2379211
       2.2842024       1.1296641     0.082035175       1.2320315
       2.2842640       1.1062742     0.068646068       1.2168270
       2.2843256       1.1705296     0.059131606       1.2002416
       2.2843872       1.1347035     0.055595071       1.1857294
       2.2844488       1.1392019     0.055803378       1.1728869
       2.2845105       1.1552094     0.073504294       1.1621118
       2.2845721       1.1385096     0.051680613       1.1545096
       2.2846337       1.0999627     0.020801224       1.1510838
       2.2846953       1.1064889     0.040405631       1.1516178
       2.2847570       1.1254637     0.040080369       1.1564245
       2.2848186       1.1333713     0.028555701       1.1652474
       2.2848802       1.1598714     0.097502044       1.1776832
       2.2849418       1.1831895     0.088330033       1.1885580
       2.2850034       1.1425115     0.036611476       1.1989176
       2.2850651       1.1963874     0.062854948       1.2078246
       2.2851267       1.1911631     0.038666724       1.2171279
       2.2851883       1.2170757     0.043552038       1.2284788
       2.2852499       1.2182884     0.057887902       1.2416343
       2.2853116       1.2335807     0.057949651       1.2558215
       2.2853732       1.3203204     0.068258584       1.2694965
       2.2854348       1.3187304     0.060247138       1.2827602
       2.2854964       1.3288758     0.059337197       1.2960736
       2.2855580       1.2419185     0.063892714       1.3010685
       2.2856197       1.1955431     0.059036504       1.2965752
       2.2856813       1.2677017     0.059134967       1.2915747
       2.2857429       1.2739752     0.052572631       1.2868929
       2.2858045       1.3099006     0.062213624       1.2822215
       2.2858662       1.3142284     0.050986733       1.2768808
       2.2859278       1.2991819     0.062746530       1.2710449
       2.2859894       1.2769784     0.060149629       1.2670208
       2.2860510       1.2888692     0.084628460       1.2640670
       2.2861126       1.3267625      0.10029041       1.2630500
       2.2861743       1.3574680     0.066271788       1.2638790
       2.2862359       1.3437253     0.057623903       1.2667080
       2.2862975       1.3086830     0.074161552       1.2705390
       2.2863591       1.3287389     0.081128104       1.2752643
       2.2864208       1.3118332      0.11620812       1.2811491
       2.2864824       1.3280599     0.077382899       1.2875238
       2.2865440       1.3475528     0.092723363       1.2937340
       2.2866056       1.3361350     0.094644755       1.2993575
       2.2866672       1.3158532     0.092686260       1.3015532
       2.2867289       1.3376592     0.098087073       1.2997317
       2.2867905       1.3376598      0.12452487       1.2976150
       2.2868521       1.3413658      0.13284757       1.2965225
       2.2869137       1.3387425     0.099168052       1.2939612
       2.2869754       1.3156266      0.10891858       1.2910879
       2.2870370       1.3325902      0.12494858       1.2885375
       2.2870986       1.3504540      0.14409095       1.2822931
       2.2871602       1.3364684      0.16207927       1.2739607
       2.2872218       1.3163396      0.12228293       1.2661926
       2.2872835       1.3426645      0.11575697       1.2597882
       2.2873451       1.3416210      0.12499884       1.2547097
       2.2874067       1.3136444      0.10652776       1.2501441
       2.2874683       1.2881089      0.19222717       1.2458645
       2.2875300       1.2611729      0.19832548       1.2438838
       2.2875916       1.2360797      0.19222717       1.2438872
       2.2876532       1.2114826     0.071720666       1.2459886
       2.2877148       1.3332778      0.16479557       1.2496615
       2.2877764       1.3735908      0.13182700       1.2564519
       2.2878381       1.3358504      0.12333523       1.2642385
       2.2878997       1.3331950      0.10101029       1.2747112
       2.2879613       1.3394470     0.089432466       1.2840489
       2.2880229       1.3451924      0.10531348       1.2899276
       2.2880846       1.3343093      0.12897991       1.2952748
       2.2881462       1.3574081      0.10608213       1.3004248
       2.2882078       1.3525301     0.095891267       1.3047257
       2.2882694       1.3513320      0.10344614       1.3069907
       2.2883310       1.3131811     0.099339276       1.3102260
       2.2883927       1.3801864     0.089431844       1.3130844
       2.2884543       1.3682928     0.054623807       1.3102617
       2.2885159       1.3606289     0.068916324       1.3071378
       2.2885775       1.3585500      0.12354801       1.3043381
       2.2886392       1.3580374      0.10571209       1.3029133
       2.2887008       1.3493562      0.10575788       1.3010060
       2.2887624       1.3417691      0.10771681       1.2953352
       2.2888240       1.3438589     0.095971298       1.2892189
       2.2888856       1.3334486     0.075556608       1.2836551
       2.2889473       1.3184555     0.069848543       1.2791265
       2.2890089       1.3156967     0.082499014       1.2745875
       2.2890705       1.2847206     0.059826685       1.2705666
       2.2891321       1.2877222     0.086540937       1.2670397
       2.2891938       1.2663498     0.058906599       1.2630277
       2.2892554       1.2797646     0.045063136       1.2598607
       2.2893170       1.2372474     0.040509883       1.2592507
       2.2893786       1.2743540     0.063513347       1.2605168
       2.2894402       1.2946191     0.094247160       1.2611250
       2.2895019       1.2928145     0.055180475       1.2640937
       2.2895635       1.3246986     0.048761449       1.2681766
       2.2896251       1.2916318     0.071032461       1.2714273
       2.2896867       1.2017460     0.043591808       1.2755042
       2.2897484       1.2202097     0.046869492       1.2780474
       2.2898100       1.2307988     0.056648514       1.2804503
       2.2898716       1.2389928     0.063565165       1.2835216
       2.2899332       1.2783351     0.042331033       1.2873840
       2.2899948       1.3499480     0.047111355       1.2916138
       2.2900565       1.3576525     0.054552873       1.2886783
       2.2901181       1.1956864     0.060083534       1.2812651
       2.2901797       1.1274192     0.056530965       1.2759189
       2.2902413       1.1783839     0.053168102       1.2731484
       2.2903030       1.2304676     0.055877994       1.2719177
       2.2903646       1.2387678     0.047970558       1.2710537
       2.2904262       1.2231456     0.042763611       1.2703316
       2.2904878       1.1575978     0.063221447       1.2697004
       2.2905494       1.1838484     0.074004035       1.2666750
       2.2906111       1.2165087     0.054619891       1.2642466
       2.2906727       1.2087266     0.039619875       1.2642520
       2.2907343       1.2077137     0.036559386       1.2647304
       2.2907959       1.2027217     0.058821368       1.2636467
       2.2908576       1.1960754     0.055705041       1.2634720
       2.2909192       1.1887429     0.075479068       1.2636699
       2.2909808       1.2222355     0.062682897       1.2623352
       2.2910424       1.2129071     0.025590257       1.2550002
       2.2911040       1.2275449     0.036694855       1.2489467
       2.2911657       1.2431851     0.053430618       1.2456777
       2.2912273       1.2332530     0.058246802       1.2449912
       2.2912889       1.2130096     0.057169584       1.2464412
       2.2913505       1.2149135     0.045309873       1.2482005
       2.2914122       1.2115454     0.066982484       1.2410558
       2.2914738       1.1968430     0.069141131       1.2249727
       2.2915354       1.1575816     0.064478305       1.2080601
       2.2915970       1.1647723     0.047648253       1.1939304
       2.2916586       1.1843609     0.076106960       1.1824327
       2.2917203       1.1549313     0.063246996       1.1708430
       2.2917819       1.1550867     0.054793942       1.1612968
       2.2918435       1.1243896     0.050806958       1.1549887
       2.2919051       1.1633880     0.051439943       1.1493571
       2.2919668       1.1522505     0.053277651       1.1416311
       2.2920284       1.1449738     0.061121083       1.1353080
       2.2920900       1.2243502     0.065522336       1.1338064
       2.2921516       1.1682994     0.080050332       1.1373920
       2.2922132       1.1496253     0.051227164       1.1449229
       2.2922749       1.1744460     0.072733801       1.1560979
       2.2923365       1.1627299     0.073415331       1.1643450
       2.2923981       1.1799726     0.087713766       1.1700242
       2.2924597       1.1628783     0.034442227       1.1765527
       2.2925214       1.1554751     0.047382079       1.1854867
       2.2925830       1.1727240      0.13966713       1.1960701
       2.2926446       1.2449999      0.16693019       1.2076799
       2.2927062       1.1779511     0.044042560       1.2222302
       2.2927678       1.1731372     0.068031156       1.2321759
       2.2928295       1.1896021     0.059938755       1.2300758
       2.2928911       1.2228669     0.057247497       1.2265687
       2.2929527       1.2557032     0.046876125       1.2241568
       2.2930143       1.1921230     0.039205177       1.2208372
       2.2930760       1.1941360     0.049584354       1.2155591
       2.2931376       1.2557515     0.028161408       1.2099233
       2.2931992       1.1964360     0.038918457       1.2019523
       2.2932608       1.1975918     0.021254716       1.1850663
       2.2933224       1.2069868     0.036164091       1.1567297
       2.2933841       1.1747233     0.047592139       1.1231915
       2.2934457       1.1178870     0.044872854       1.0889938
       2.2935073       1.0803077     0.026491362       1.0517786
       2.2935689       1.0875304     0.045522294       1.0161235
       2.2936306       1.0422451     0.037644140      0.98080761
       2.2936922      0.98139545     0.021005599      0.94392246
       2.2937538      0.98036677     0.060186993      0.91175597
       2.2938154      0.94374307     0.071126703      0.88257007
       2.2938770      0.85037836     0.038607734      0.85418657
       2.2939387      0.92234185     0.040218529      0.82804791
       2.2940003      0.91613275     0.037486729      0.80903511
       2.2940619      0.82601871     0.051846108      0.79482840
       2.2941235      0.83371910     0.051094873      0.77818070
       2.2941852      0.86857626     0.044279465      0.76076814
       2.2942468      0.79409375     0.045700336      0.75157377
       2.2943084      0.73108118     0.035077433      0.74795093
       2.2943700      0.76429608     0.039345844      0.74862222
       2.2944316      0.78655466     0.031403062      0.75155105
       2.2944933      0.96011961     0.092799800      0.76101234
       2.2945549      0.80538506     0.055693190      0.77600479
       2.2946165      0.80131262     0.049664192      0.79053699
       2.2946781      0.87899257     0.051377646      0.80166832
       2.2947398      0.87621833     0.033764230      0.80831843
       2.2948014      0.83353921     0.045843733      0.81004794
       2.2948630      0.85602091     0.054718298      0.81308442
       2.2949246      0.85550936     0.041405474      0.82170534
       2.2949862      0.84351451     0.045944089      0.83025744
       2.2950479      0.89600621     0.076128546      0.83687654
       2.2951095      0.80434606     0.047517297      0.84223275
       2.2951711      0.80993410     0.048423872      0.84387540
       2.2952327      0.88358340     0.046829555      0.84391200
       2.2952944      0.88869453     0.054274661      0.84560402
       2.2953560      0.90463214     0.054698519      0.85134522
       2.2954176      0.84907046     0.045734768      0.85789746
       2.2954792      0.83145308     0.046089161      0.85876865
       2.2955408      0.86282198     0.040353821      0.85533892
       2.2956025      0.90172489     0.048782171      0.85493988
       2.2956641      0.99508277      0.12088941      0.85882778
       2.2957257       1.0596724     0.048616152      0.86403140
       2.2957873      0.90098465     0.048708534      0.86787373
       2.2958490      0.83031332     0.037714686      0.87446386
       2.2959106      0.81765420     0.057310469      0.88292201
       2.2959722      0.85025408     0.064407319      0.88797816
       2.2960338      0.89224302     0.049453109      0.88923357
       2.2960954      0.91000692      0.10259700      0.88701753
       2.2961571      0.96029029      0.10741306      0.88422403
       2.2962187      0.89688439     0.062643122      0.88487969
       2.2962803      0.93260702     0.036171424      0.89126372
       2.2963419      0.94702076     0.026351308      0.89871854
       2.2964036      0.92465777     0.025280092      0.90620684
       2.2964652      0.89145590     0.053196709      0.90331025
       2.2965268      0.94389198     0.040011816      0.89628040
       2.2965884      0.94495037     0.043682303      0.89126946
       2.2966500      0.91714140     0.031689462      0.89109757
       2.2967117      0.89822821     0.047764828      0.89632357
       2.2967733      0.87270576     0.047721716      0.90554032
       2.2968349      0.97217659     0.050179953      0.91394833
       2.2968965       1.0173444     0.043389591      0.91616279
       2.2969582      0.96724917     0.040705199      0.91505227
       2.2970198      0.89009032     0.044233385      0.90858223
       2.2970814      0.96837733     0.041440455      0.90440010
       2.2971430      0.96994792     0.041726427      0.90808207
       2.2972046      0.91906877     0.025514583      0.91821354
       2.2972663      0.96334867     0.037798881      0.93123896
       2.2973279      0.96213486     0.027000416      0.94025852
       2.2973895      0.94240101     0.042177981      0.94921960
       2.2974511      0.92919441     0.032685926      0.95871116
       2.2975128      0.94994629     0.034702379      0.96570115
       2.2975744       1.0039722     0.058684584      0.96829490
       2.2976360      0.99517717     0.051418655      0.96783624
       2.2976976      0.99367364     0.048078819      0.96908973
       2.2977592       1.0802730     0.058355648      0.97268276
       2.2978209       1.0332408     0.047683673      0.96882994
       2.2978825      0.98174999     0.053369918      0.96062254
       2.2979441      0.95314834     0.023545243      0.95472476
       2.2980057      0.94593344     0.038821171      0.94980845
       2.2980674      0.95734760     0.041681471      0.94898882
       2.2981290      0.94378105     0.028752562      0.94876553
       2.2981906      0.93755527     0.034865739      0.94463964
       2.2982522      0.95703771     0.031343513      0.93994851
       2.2983138      0.92911479     0.040674785      0.93380683
       2.2983755      0.89398922     0.042754803      0.92125262
       2.2984371      0.95057052     0.049454871      0.91014958
       2.2984987       1.0150194     0.046601430      0.90419710
       2.2985603      0.97874691     0.057596563      0.90397552
       2.2986220      0.89613732     0.041859538      0.90949576
       2.2986836      0.83441802     0.044619391      0.91976461
       2.2987452      0.79851216     0.037557034      0.93234719
       2.2988068      0.81663092     0.042191707      0.94277331
       2.2988684       1.0223686     0.040605568      0.94383740
       2.2989301       1.0928928     0.034696809      0.93641818
       2.2989917      0.98270223     0.057479916      0.92978773
       2.2990533      0.87791288     0.021825421      0.92668543
       2.2991149      0.85728066     0.033000253      0.92853893
       2.2991766      0.88305992     0.062997176      0.93222521
       2.2992382      0.92959377     0.041440483      0.94108212
       2.2992998      0.96245269     0.027074067      0.95271017
       2.2993614      0.96244983     0.032421231      0.96736859
       2.2994230      0.97001816     0.045626552      0.98365806
       2.2994847       1.0211783     0.029644024      0.99307863
       2.2995463       1.0306957     0.027614341      0.98618910
       2.2996079      0.95109019     0.023793193      0.97628981
       2.2996695      0.93173504     0.035895781      0.96842114
       2.2997312      0.95388079     0.053235458      0.96135789
       2.2997928      0.94566646     0.036986647      0.95830259
       2.2998544      0.94271217     0.043129636      0.96029749
       2.2999160      0.94884848     0.026880402      0.96820646
       2.2999776      0.95706647     0.030368399      0.98196636
       2.3000393      0.97258867     0.036672201       1.0003995
       2.3001009       1.0248763     0.051993828       1.0197856
       2.3001625       1.0717361     0.056505476       1.0311067
       2.3002241       1.0393369     0.046136258       1.0285969
       2.3002858       1.0035960     0.031074755       1.0147815
       2.3003474      0.99115765     0.039803220      0.99878801
       2.3004090       1.0068154     0.029475322      0.98247320
       2.3004706      0.94518812     0.044172453      0.96961492
       2.3005322      0.92631417     0.061194517      0.96144225
       2.3005939      0.96985591     0.045453437      0.96012490
       2.3006555      0.95673846     0.042095231      0.96498906
       2.3007171      0.96470345     0.033199140      0.97567709
       2.3007787      0.96229838     0.024821498      0.98850134
       2.3008404       1.0022459     0.029905596      0.99488445
       2.3009020       1.0283984     0.036164959      0.99104068
       2.3009636      0.96020877     0.028196047      0.98252536
       2.3010252      0.95250535     0.036460970      0.96713685
       2.3010868      0.95033755     0.026744998      0.94684600
       2.3011485      0.94052831     0.030686418      0.92918677
       2.3012101      0.92654302     0.024884945      0.91524409
       2.3012717      0.92282862     0.022483822      0.90431762
       2.3013333      0.92816430     0.032865921      0.90184051
       2.3013950      0.90666105     0.046601459      0.90727527
       2.3014566      0.94619598     0.035826177      0.91970122
       2.3015182      0.96062338     0.047819990      0.93676563
       2.3015798      0.94283167     0.037899381      0.95016599
       2.3016414      0.94914185     0.036764576      0.95910518
       2.3017031      0.98029096     0.033355954      0.96412006
       2.3017647      0.98263390     0.035727718      0.96635843
       2.3018263      0.95382676     0.043765608      0.96046769
       2.3018879      0.94589117     0.025912892      0.94951904
       2.3019496      0.97277524     0.033795833      0.94248167
       2.3020112      0.94629101     0.054651311      0.94225050
       2.3020728      0.97982613     0.035980718      0.94912788
       2.3021344      0.99740743     0.035820599      0.96227613
       2.3021960      0.96515987     0.041248102      0.97840020
       2.3022577       1.0163427     0.044731837      0.99787766
       2.3023193       1.0436282     0.047584415       1.0179690
       2.3023809       1.0300092     0.046994052       1.0305931
       2.3024425      0.99097330     0.038036646       1.0381207
       2.3025042      0.99397225     0.034950323       1.0407520
       2.3025658       1.0262073     0.045732708       1.0361062
       2.3026274       1.0375949     0.030130674       1.0271623
       2.3026890       1.0002695     0.048029192       1.0120241
       2.3027506       1.0044345     0.065921910      0.99371286
       2.3028123      0.99785606     0.030993469      0.97954944
       2.3028739      0.98762568     0.037604005      0.97097769
       2.3029355      0.96180415     0.026395829      0.96742799
       2.3029971      0.93178732     0.024237358      0.96905791
       2.3030588      0.96391776     0.032273345      0.97611318
       2.3031204      0.98498255     0.035516212      0.98463115
       2.3031820      0.99900488     0.037195615      0.98650126
       2.3032436      0.97774462     0.035010252      0.98473716
       2.3033052      0.98024472     0.034261678      0.98298027
       2.3033669       1.0037874     0.054441663      0.98222082
       2.3034285       1.0151971     0.061187393      0.98291916
       2.3034901      0.97332446     0.031579543      0.98400892
       2.3035517      0.96859727     0.036060185      0.98218729
       2.3036134       1.0126466     0.053470481      0.97477502
       2.3036750       1.0318312     0.041379014      0.96984530
       2.3037366      0.97110469     0.040553240      0.97139959
       2.3037982      0.91199769     0.071871786      0.97826579
       2.3038598      0.94212926     0.051191174      0.98762302
       2.3039215      0.99206809     0.060691206      0.99980112
       2.3039831       1.0428501     0.037326342       1.0124164
       2.3040447       1.0429150     0.039969726       1.0186100
       2.3041063      0.96994220     0.045075214       1.0224203
       2.3041680      0.98725572     0.032965590       1.0266571
       2.3042296       1.0119426     0.036393341       1.0318615
       2.3042912       1.0201753     0.029401218       1.0362429
       2.3043528       1.0161938     0.032200834       1.0408718
       2.3044144       1.0441839     0.049314195       1.0429759
       2.3044761       1.0453258     0.053815505       1.0407645
       2.3045377       1.0796076     0.031651072       1.0309148
       2.3045993       1.0481847     0.034472067       1.0213370
       2.3046609      0.97837234     0.027976391       1.0159234
       2.3047226      0.97042245     0.037463883       1.0146249
       2.3047842      0.99565408     0.029765993       1.0180631
       2.3048458      0.97760445     0.035328425       1.0244739
       2.3049074       1.0077390     0.027728379       1.0269107
       2.3049690       1.0248963     0.066424379       1.0237743
       2.3050307       1.0126317     0.033524587       1.0187028
       2.3050923      0.98165909     0.037723316       1.0139429
       2.3051539      0.94357319     0.042989196       1.0065786
       2.3052155      0.95390066     0.026787857      0.99801434
       2.3052772      0.98348141     0.027022147      0.99144994
       2.3053388      0.95316089     0.021221032      0.98404321
       2.3054004      0.94553488     0.040774914      0.97454808
       2.3054620      0.96158389     0.031462405      0.96403815
       2.3055236      0.98576952     0.031485649      0.94951955
       2.3055853      0.96029681     0.041462414      0.93883949
       2.3056469      0.94100650     0.039920384      0.93448622
       2.3057085      0.92604735     0.028993082      0.93659499
       2.3057701      0.96366015     0.037665538      0.94264527
       2.3058318      0.94227069     0.028300925      0.94700584
       2.3058934      0.93371167     0.040478038      0.94675356
       2.3059550      0.93185280     0.024109580      0.94643523
       2.3060166      0.92622502     0.023896014      0.94798708
       2.3060782      0.96670408     0.024776537      0.95151307
       2.3061399      0.97729774     0.022409470      0.95659491
       2.3062015      0.97881890     0.033319918      0.96327255
       2.3062631      0.97116476     0.042028557      0.96990388
       2.3063247      0.99342478     0.036873527      0.97864043
       2.3063864       1.0033936     0.034068105      0.99008973
       2.3064480       1.0361004     0.035824872       1.0000366
       2.3065096       1.0150488     0.028104409      0.99970122
       2.3065712       1.0281567     0.041421332      0.99719273
       2.3066328       1.0575299     0.031772476      0.99924104
       2.3066945       1.0517224     0.022800287       1.0013433
       2.3067561       1.0042994     0.047231029       1.0059518
       2.3068177      0.98306202     0.038075249       1.0062953
       2.3068793       1.0083669     0.032238161       1.0021194
       2.3069410      0.98878197     0.027039647      0.99764791
       2.3070026      0.99390074     0.047759102      0.99484727
       2.3070642       1.0507485     0.028790635      0.99328239
       2.3071258       1.0500232     0.054222850      0.99353570
       2.3071874      0.98414839     0.030763100      0.99661722
       2.3072491      0.97523800     0.033553605       1.0014721
       2.3073107       1.0152907     0.029508896       1.0055149
       2.3073723       1.0146788     0.030101089       1.0060300
       2.3074339       1.0575757     0.033411109       1.0092707
       2.3074956       1.0762680     0.034725276       1.0127647
       2.3075572       1.0754956     0.038516845       1.0097110
       2.3076188       1.1163238     0.064118833       1.0014550
       2.3076804       1.0598263     0.034627613      0.99641985
       2.3077420      0.98743800     0.036659589      0.99558356
       2.3078037      0.92792449     0.037693377      0.99393089
       2.3078653      0.96888952     0.041220922      0.98643104
       2.3079269      0.99205188     0.036052667      0.97756633
       2.3079885      0.99134580     0.031663243      0.96952318
       2.3080502      0.93739746     0.041839065      0.96424085
       2.3081118      0.97403276     0.031183446      0.96216812
       2.3081734      0.96797542     0.045704616      0.96309030
       2.3082350       1.0098283     0.029890712      0.96841353
       2.3082966      0.98475896     0.026204072      0.97816511
       2.3083583       1.0189773     0.031060947      0.99199327
       2.3084199       1.0609764     0.026581110       1.0080267
       2.3084815       1.0525384     0.042998173       1.0267658
       2.3085431       1.0510578     0.042309674       1.0460224
       2.3086048       1.0510998     0.040069564       1.0624515
       2.3086664       1.0990443     0.033699248       1.0663370
       2.3087280       1.0779504     0.034260461       1.0650688
       2.3087896       1.0600926     0.028041311       1.0657113
       2.3088512       1.0898811     0.035731040       1.0648646
       2.3089129       1.0990054     0.030098351       1.0558799
       2.3089745       1.0609072     0.027270721       1.0447439
       2.3090361       1.0220511     0.033296558       1.0336965
       2.3090977       1.0124233     0.027296697       1.0242217
       2.3091594       1.0452144     0.043181127       1.0169977
       2.3092210       1.0365192     0.026038456       1.0120755
       2.3092826       1.0413053     0.031712342       1.0078578
       2.3093442       1.0058832     0.029095502       1.0009087
       2.3094058      0.97514169     0.041145123      0.99086081
       2.3094675       1.0354507     0.045956532      0.98258563
       2.3095291      0.99167890     0.029287207      0.97747553
       2.3095907      0.97512087     0.030058398      0.97345854
       2.3096523      0.96701095     0.020790921      0.97314351
       2.3097140      0.99054978     0.046685099      0.97404420
       2.3097756       1.1014619     0.096067924      0.97120599
       2.3098372       1.0398698     0.024810690      0.96584385
       2.3098988      0.99905128     0.028850333      0.96146916
       2.3099604      0.98075326     0.040663541      0.95501886
       2.3100221      0.99872868     0.033334938      0.94424873
       2.3100837      0.99289144     0.028313644      0.93325317
       2.3101453      0.94091242     0.036066437      0.92470410
       2.3102069      0.92766307     0.043242139      0.91719227
       2.3102686      0.94461601     0.040637779      0.91325929
       2.3103302      0.92618879     0.029647458      0.91363707
       2.3103918      0.90735219     0.030594028      0.91913251
       2.3104534      0.91184068     0.021686068      0.93012910
       2.3105150       1.0096155     0.033834739      0.94647061
       2.3105767       1.0988910     0.022444500      0.96706750
       2.3106383       1.0286306     0.031697716      0.99010361
       2.3106999      0.97400415     0.022771907       1.0086625
       2.3107615       1.0201367     0.026236069       1.0242414
       2.3108232       1.0573692     0.021397596       1.0359437
       2.3108848       1.0511644     0.021097240       1.0430879
       2.3109464       1.0672821     0.041891866       1.0434537
       2.3110080       1.0867323     0.048237642       1.0393399
       2.3110697       1.0821696     0.028104494       1.0338436
       2.3111313       1.0387028     0.047574221       1.0217640
       2.3111929       1.0264746     0.038967682       1.0066515
       2.3112545       1.0108634     0.040489895      0.98862919
       2.3113161      0.98826946     0.031091546      0.96829853
       2.3113778      0.96649796     0.035558484      0.94781687
       2.3114394       1.0004555     0.033203494      0.92956119
       2.3115010       1.0115623     0.039978793      0.91664884
       2.3115626       1.0484978     0.076508132      0.90853215
       2.3116243      0.93350714     0.033134457      0.90446483
       2.3116859      0.91333451     0.031807646      0.90317390
       2.3117475      0.95675944     0.021529910      0.90822395
       2.3118091      0.98408037     0.033575469      0.91844193
       2.3118707      0.97814795     0.038581137      0.93153754
       2.3119324      0.95957929     0.037185825      0.94823250
       2.3119940       1.0555878     0.053064130      0.96751796
       2.3120556       1.0864003     0.075001236      0.98843516
       2.3121172       1.0515042     0.022847846       1.0063687
       2.3121789       1.0393752     0.028884450       1.0132975
       2.3122405       1.0505569     0.027390114       1.0144172
       2.3123021       1.0274079     0.032928653       1.0080132
       2.3123637      0.98080808     0.039861216      0.99923987
       2.3124253      0.98393480     0.030527476      0.99151350
       2.3124870      0.98332678     0.026453735      0.98806225
       2.3125486      0.99794505     0.030632887      0.98887738
       2.3126102      0.98780320     0.027923420      0.98934931
       2.3126718       1.0110960     0.031891199      0.99013235
       2.3127335       1.0196284     0.036062498      0.98853874
       2.3127951      0.98536348     0.027557404      0.98708016
       2.3128567      0.99459632     0.028051756      0.98688399
       2.3129183       1.0130482     0.035959433      0.98906564
       2.3129799       1.0068561     0.045463754      0.99337845
       2.3130416       1.0268928     0.039757785       1.0014259
       2.3131032       1.0745464     0.043741404       1.0138377
       2.3131648       1.1092772     0.033581372       1.0284744
       2.3132264       1.0908654     0.035698277       1.0449559
       2.3132881       1.0876847     0.058228771       1.0630345
       2.3133497       1.1058889     0.048330175       1.0791219
       2.3134113       1.0884607     0.029982101       1.0875171
       2.3134729       1.0586444     0.027885873       1.0834243
       2.3135345       1.1237860     0.087044669       1.0694407
       2.3135962       1.1665533      0.10298630       1.0521080
       2.3136578       1.0791291     0.036344415       1.0353416
       2.3137194       1.0119035     0.027289720       1.0196587
       2.3137810      0.97807818     0.021951392       1.0015190
       2.3138427      0.95863690     0.028980663      0.98341858
       2.3139043      0.98916195     0.028190947      0.96962158
       2.3139659      0.96531497     0.036900341      0.96078647
       2.3140275      0.98838500     0.040688167      0.95552225
       2.3140891      0.95547284     0.041114559      0.95492565
       2.3141508      0.94039832     0.020489322      0.95713205
       2.3142124      0.97044597     0.029399359      0.95979543
       2.3142740      0.96084333     0.025684816      0.96504247
       2.3143356      0.98394577     0.023142612      0.97230485
       2.3143973      0.98438709     0.030301537      0.97708451
       2.3144589      0.98598660     0.025526366      0.98202328
       2.3145205       1.0004736     0.025149986      0.99069023
       2.3145821      0.99966709     0.032587207       1.0008040
       2.3146437       1.0518460     0.049136360       1.0097503
       2.3147054       1.0572060     0.042488612       1.0095656
       2.3147670       1.0211004     0.043882929      0.99476320
       2.3148286      0.97968930     0.026872141      0.97526008
       2.3148902      0.95634212     0.025131546      0.95506636
       2.3149519      0.94128429     0.023702268      0.93523845
       2.3150135      0.96877320     0.026193702      0.92157529
       2.3150751      0.93396768     0.038973362      0.91243537
       2.3151367      0.91420539     0.026162697      0.90257429
       2.3151983      0.90726669     0.028867165      0.89489663
       2.3152600      0.89056357     0.021713792      0.89184271
       2.3153216      0.90286354     0.022493590      0.89302872
       2.3153832      0.93541352     0.034365058      0.89891239
       2.3154448      0.90538160     0.040421111      0.90994294
       2.3155065      0.94646010     0.027310355      0.92588304
       2.3155681      0.98105981     0.048738232      0.94679753
       2.3156297      0.99092848     0.039048031      0.97277147
       2.3156913       1.0231807     0.044913909       1.0007120
       2.3157529       1.0249872     0.043491847       1.0240049
       2.3158146       1.0484867     0.062677919       1.0474547
       2.3158762       1.0653721     0.031200902       1.0718370
       2.3159378       1.0884227     0.034188392       1.0942986
       2.3159994       1.0615416     0.026547006       1.1081084
       2.3160611       1.0662382     0.033109804       1.1024768
       2.3161227       1.0649195     0.019864994       1.0860206
       2.3161843       1.0401803     0.032149817       1.0674666
       2.3162459       1.0475811     0.034907000       1.0445055
       2.3163075      0.99862236     0.054509939       1.0199978
       2.3163692      0.95957754     0.044920141      0.99917093
       2.3164308      0.93826245     0.061738852      0.98112274
       2.3164924      0.94934558     0.028228708      0.96598939
       2.3165540      0.96551298     0.038652815      0.95566989
       2.3166157      0.92076490     0.049690735      0.94887331
       2.3166773      0.96230331     0.029770132      0.94612365
       2.3167389       1.0043909     0.054229011      0.94807872
       2.3168005      0.98557897     0.057167608      0.95393329
       2.3168621      0.94780995     0.027968338      0.96030949
       2.3169238      0.92166009     0.082162767      0.96744600
       2.3169854      0.93655011     0.035842502      0.97925254
       2.3170470      0.96034893     0.046837243      0.99430241
       2.3171086      0.96865226     0.049574980       1.0101445
       2.3171703      0.98000475     0.031697781       1.0260755
       2.3172319       1.0605773     0.065298601       1.0404910
       2.3172935       1.0793342     0.084119969       1.0500073
       2.3173551       1.0288955     0.040848552       1.0536282
       2.3174167       1.0026215     0.065265727       1.0418167
       2.3174784      0.96873839     0.034711184       1.0193007
       2.3175400      0.96583273     0.043256589      0.99556271
       2.3176016      0.96603058     0.056727855      0.97102291
       2.3176632      0.95888879     0.055310694      0.94991881
       2.3177249      0.95490661     0.034131110      0.93383655
       2.3177865      0.97438842     0.046446549      0.91988184
       2.3178481      0.98700558     0.076248330      0.90899332
       2.3179097      0.94426512     0.052241474      0.90108576
       2.3179713      0.88784734     0.039034860      0.89711959
       2.3180330      0.88799768     0.034909438      0.89841409
       2.3180946      0.88957288     0.036297251      0.90678136
       2.3181562      0.90779017     0.054009495      0.91975107
       2.3182178      0.90830808     0.030418800      0.92810785
       2.3182795      0.90156645     0.024211546      0.93899364
       2.3183411      0.99178331     0.026427997      0.95579966
       2.3184027       1.0114050     0.027241067      0.97891179
       2.3184643      0.96888793     0.029688578       1.0059972
       2.3185259       1.0073300     0.033097093       1.0361083
       2.3185876       1.0551867     0.041362458       1.0622996
       2.3186492       1.0391092     0.040484230       1.0867428
       2.3187108       1.0640089     0.038108835       1.1072813
       2.3187724       1.0855755     0.046556197       1.1140691
       2.3188341       1.0687461     0.052113314       1.1053888
       2.3188957       1.0445498     0.047998842       1.0858281
       2.3189573       1.0169259     0.039268213       1.0646906
       2.3190189       1.0135801     0.036475303       1.0454309
       2.3190805       1.0082806     0.041431108       1.0297056
       2.3191422      0.99977404     0.029193341       1.0173905
       2.3192038      0.96475955     0.049709518       1.0080727
       2.3192654       1.0019078     0.035054043      0.99998255
       2.3193270      0.98352670     0.038370876      0.99161936
       2.3193887      0.96200375     0.024194347      0.98446351
       2.3194503      0.96750439     0.045505655      0.98324215
       2.3195119      0.99118450     0.025776310      0.98517235
       2.3195735      0.98259115     0.029804902      0.98601836
       2.3196351       1.0246030     0.036502231      0.98900178
       2.3196968       1.0612198     0.039831173      0.99239144
       2.3197584       1.0846420     0.068300909      0.99940887
       2.3198200       1.1470712      0.23876210       1.0119894
       2.3198816       1.0576044     0.064275938       1.0290314
       2.3199433       1.1040342     0.048574229       1.0494115
       2.3200049       1.0841740     0.063173340       1.0711415
       2.3200665       1.0781734     0.070491531       1.0902142
       2.3201281       1.0875313     0.052264853       1.1049059
       2.3201897       1.0573416     0.046010713       1.1082891
       2.3202514       1.0598355     0.046758630       1.1001908
       2.3203130       1.1030092     0.054550352       1.0800379
       2.3203746       1.0778467     0.035641791       1.0541641
       2.3204362       1.0284100     0.043764232       1.0293734
       2.3204979       1.0268652     0.045836966       1.0085921
       2.3205595      0.99409350     0.035043339      0.99177862
       2.3206211      0.93896821     0.052295469      0.97897730
       2.3206827      0.95521587     0.037500851      0.96512124
       2.3207443      0.98658731     0.034720533      0.95259900
       2.3208060       1.0023396     0.032711134      0.94374759
       2.3208676      0.93623910     0.020548805      0.93772268
       2.3209292      0.91223321     0.032572093      0.93445759
       2.3209908       1.0044385     0.026222706      0.93012744
       2.3210525      0.97720699     0.029216055      0.92878290
       2.3211141      0.91104148     0.027911358      0.93311561
       2.3211757      0.94266274     0.026240971      0.94331349
       2.3212373      0.95167358     0.031706180      0.95811446
       2.3212989      0.98402253     0.026763762      0.97824766
       2.3213606       1.0226462     0.030074067       1.0011535
       2.3214222       1.0250120     0.043695278       1.0237757
       2.3214838       1.0216056     0.032697547       1.0478796
       2.3215454       1.0930499     0.028898484       1.0724423
       2.3216071       1.0887855     0.027070102       1.0913906
       2.3216687       1.0992531     0.039457905       1.0954457
       2.3217303       1.0783169     0.050462409       1.0906552
       2.3217919       1.0825165     0.040793752       1.0763111
       2.3218535       1.0134253     0.030693535       1.0544246
       2.3219152      0.99069662     0.018611814       1.0325693
       2.3219768      0.93252296     0.036740052       1.0125440
       2.3220384       1.0647159     0.075739440      0.99595093
       2.3221000       1.1934722     0.059318223      0.98279178
       2.3221617       1.0472644     0.040928930      0.97272596
       2.3222233      0.84427049     0.043941563      0.96552303
       2.3222849      0.78943284     0.030128329      0.95490213
       2.3223465      0.85956845     0.035369758      0.93862431
       2.3224081      0.87659433     0.031144242      0.91841380
       2.3224698      0.90030829     0.036897178      0.89841691
       2.3225314      0.90025728     0.037560088      0.87933853
       2.3225930      0.88711330     0.028536176      0.86015978
       2.3226546      0.88084508     0.031918150      0.84481861
       2.3227163      0.88920641     0.024958277      0.83236672
       2.3227779      0.92425507     0.049481027      0.82190446
       2.3228395      0.90311622     0.036299058      0.81501612
       2.3229011      0.81528775     0.028206018      0.81243332
       2.3229627      0.76023619     0.028668398      0.81015063
       2.3230244      0.76773920     0.035562774      0.81094940
       2.3230860      0.81898451     0.036587067      0.81308516
       2.3231476      0.80442027     0.035351415      0.80720583
       2.3232092      0.77825404     0.027942888      0.79534836
       2.3232709      0.81503570     0.037191735      0.78216269
       2.3233325      0.83937072     0.047641396      0.76538402
       2.3233941      0.85200870     0.040878442      0.74692699
       2.3234557      0.69677213     0.064760576      0.73150651
       2.3235173      0.65730681     0.037051318      0.72252427
       2.3235790      0.66424487     0.024106313      0.72222049
       2.3236406      0.72126511     0.030886845      0.72901310
       2.3237022      0.75466388     0.037063236      0.73447008
       2.3237638      0.73694463     0.023392235      0.73447561
       2.3238255      0.74489755     0.032729023      0.73431797
       2.3238871      0.76253590     0.032114577      0.73817856
       2.3239487      0.77630856     0.033083758      0.74572996
       2.3240103      0.80680182     0.025834397      0.75705277
       2.3240719      0.79411823     0.033864631      0.76867416
       2.3241336      0.78204440     0.034625305      0.77730883
       2.3241952      0.79426729     0.031986585      0.78670076
       2.3242568      0.83792535     0.025665007      0.79772424
       2.3243184      0.83482327     0.042136077      0.81123808
       2.3243801      0.87371123     0.062423812      0.82880556
       2.3244417      0.85563919     0.050936273      0.84686862
       2.3245033      0.86597191     0.046660613      0.86289740
       2.3245649      0.90012744     0.047336629      0.87604695
       2.3246265      0.94303588     0.052629643      0.89052976
       2.3246882      0.89318001     0.043144266      0.89981923
       2.3247498      0.88372484     0.038730101      0.90668223
       2.3248114      0.95057609     0.026974319      0.90964697
       2.3248730       1.0606678     0.049593490      0.90797547
       2.3249347      0.97358429     0.021327109      0.89954681
       2.3249963      0.86943267     0.037573772      0.88883703
       2.3250579      0.83766616     0.036792736      0.87825629
       2.3251195      0.85715035     0.029934983      0.86539576
       2.3251811      0.82209788     0.022587371      0.85556309
       2.3252428      0.84232660     0.019721334      0.85108023
       2.3253044      0.92612315     0.034126034      0.85117814
       2.3253660      0.96188090     0.031867066      0.85422260
       2.3254276      0.92551577     0.023216174      0.85607048
       2.3254893      0.86670436     0.052759944      0.84918609
       2.3255509      0.83547642     0.060481027      0.84358191
       2.3256125      0.82723904     0.030330922      0.84283238
       2.3256741      0.83537567     0.034308016      0.84965404
       2.3257357      0.90283112     0.078183333      0.85943250
       2.3257974      0.88104198     0.030193081      0.87072168
       2.3258590      0.88439675     0.027419101      0.87976790
       2.3259206      0.88263545     0.023394579      0.88706984
       2.3259822      0.88806188     0.027925644      0.89127126
       2.3260439      0.89038638     0.032355291      0.89475995
       2.3261055      0.94736434     0.026927600      0.90268998
       2.3261671      0.96043840     0.037591824      0.91554103
       2.3262287      0.93239248     0.029028938      0.92770324
       2.3262903      0.93818601     0.034852796      0.93323525
       2.3263520      0.94784698     0.036347715      0.93457747
       2.3264136      0.92260661     0.036994436      0.93377506
       2.3264752      0.93552286     0.025354543      0.93057828
       2.3265368      0.94111536     0.041430306      0.92118892
       2.3265985      0.90170614     0.025300890      0.90916830
       2.3266601      0.87999947     0.049404904      0.90029955
       2.3267217      0.87745360     0.043188928      0.89563215
       2.3267833      0.90405082     0.046332978      0.88999731
       2.3268449      0.88887824     0.053098455      0.88479403
       2.3269066      0.88621970     0.033566951      0.88034894
       2.3269682      0.90747678     0.028657379      0.87976818
       2.3270298      0.92807944     0.050595964      0.88346745
       2.3270914      0.92975952     0.034203350      0.88838271
       2.3271531      0.92561605     0.033610422      0.88998985
       2.3272147      0.91805074     0.039162293      0.89066186
       2.3272763      0.90883903     0.021040708      0.89461983
       2.3273379      0.91659472     0.026669415      0.89682355
       2.3273995      0.91715571     0.039743913      0.89940828
       2.3274612      0.90961296     0.030836746      0.90442751
       2.3275228      0.90883172     0.024612614      0.91071763
       2.3275844      0.94784857     0.039864166      0.91495827
       2.3276460      0.98004559     0.036999087      0.92256392
       2.3277077      0.99011562     0.033206992      0.93358189
       2.3277693      0.99211608     0.036138070      0.94513283
       2.3278309      0.96973084     0.060307699      0.94897990
       2.3278925      0.93857886     0.043366891      0.94432772
       2.3279541      0.96838941     0.033041555      0.93598657
       2.3280158      0.90882520     0.047200764      0.92820418
       2.3280774      0.92624489     0.044870496      0.92003011
       2.3281390      0.93260400     0.041254737      0.91049545
       2.3282006      0.91577820     0.028701621      0.89548372
       2.3282623      0.90086021     0.026650096      0.87811357
       2.3283239      0.88699824     0.043790162      0.86551043
       2.3283855      0.85323364     0.040058674      0.85807933
       2.3284471      0.89196269     0.025705547      0.85108556
       2.3285087      0.85680009     0.037462490      0.83355924
       2.3285704      0.87178149     0.037827699      0.81509245
       2.3286320      0.97292541     0.055951854      0.80225499
       2.3286936      0.97011399     0.076593705      0.79668506
       2.3287552      0.77004622     0.058537686      0.79864805
       2.3288169      0.75242583     0.045748341      0.80608057
       2.3288785      0.83288700     0.082517873      0.81099901
       2.3289401      0.81527551     0.037035248      0.81875497
       2.3290017      0.86324900     0.026905599      0.83170230
       2.3290633      0.89173496     0.028338160      0.85011700
       2.3291250      0.88222656     0.033342844      0.86659694
       2.3291866      0.92248964     0.029084765      0.87812527
       2.3292482      0.90467521     0.025463106      0.88289835
       2.3293098      0.89718046     0.028437674      0.88908626
       2.3293715      0.94126236     0.022287511      0.90170037
       2.3294331      0.99288255     0.026659367      0.92015051
       2.3294947      0.97943106     0.035054766      0.94002028
       2.3295563      0.94408920     0.031880705      0.95384921
       2.3296179      0.96203998     0.032225255      0.96447126
       2.3296796       1.0480091     0.021949018      0.97352838
       2.3297412       1.0178132     0.022796661      0.98398153
       2.3298028      0.98436897     0.026890424      0.98898049
       2.3298644      0.97197047     0.037630336      0.98280500
       2.3299261      0.98292265     0.031017136      0.96629326
       2.3299877      0.97892554     0.047405616      0.94635473
       2.3300493      0.97126472     0.049210984      0.92569982
       2.3301109      0.94686582     0.035551084      0.90939334
       2.3301725      0.90561474     0.032696619      0.89235040
       2.3302342      0.88467994     0.028957378      0.87290043
       2.3302958      0.90925667     0.024700858      0.85365590
       2.3303574      0.89750942     0.030137085      0.83860169
       2.3304190      0.84793324     0.035433636      0.83018008
       2.3304807      0.84119097     0.031111763      0.82580352
       2.3305423      0.85860159     0.038430691      0.82167137
       2.3306039      0.82940478     0.037734727      0.81609270
       2.3306655      0.82880677     0.029006451      0.81142787
       2.3307271      0.85335426     0.024427159      0.80940949
       2.3307888      0.84007743     0.025120891      0.80785698
       2.3308504      0.80633333     0.022999481      0.80489815
       2.3309120      0.82328611     0.031200721      0.80469864
       2.3309736      0.86057806     0.029326410      0.80883104
       2.3310353      0.86298504     0.025723399      0.82034289
       2.3310969      0.82203606     0.036071587      0.83913469
       2.3311585      0.87324671     0.026949343      0.86267362
       2.3312201      0.89332383     0.025644601      0.88515745
       2.3312817      0.90883855     0.034435480      0.90436995
       2.3313434      0.93739968     0.026623165      0.91740919
       2.3314050      0.95366768     0.040281896      0.92499997
       2.3314666      0.91156067     0.032797594      0.93379194
       2.3315282      0.88546547     0.028615837      0.94290061
       2.3315899      0.88495280     0.048190922      0.94525697
       2.3316515      0.92483560     0.037700219      0.93575938
       2.3317131      0.98356548     0.048767534      0.92061589
       2.3317747      0.98586439     0.055791254      0.90637063
       2.3318363      0.87879614     0.035385888      0.89472718
       2.3318980      0.85500574     0.035478737      0.88844777
       2.3319596      0.89455147     0.030395681      0.88826194
       2.3320212      0.90003241     0.036840480      0.89352067
       2.3320828      0.87114089     0.031876718      0.90290828
       2.3321445      0.92405435     0.032747581      0.90949228
