# Config file was: /home/mtannock/ModelFittingTools/ExampleFitting2/config.txt
# Input keywords were: /home/mtannock/ModelFittingTools/ExampleFitting2/config.txt
#     2MASS0407
#     /home/mtannock/ModelFittingTools/ExampleFitting2/sampledata2/
#     2M0407_GNIRS_baryvelcor_Nov9.dat
#     2M0407_GNIRS_error_baryvelcor_Nov9.dat
#     GNIRS
#     BTSETTL-CIFIST2011
#     /home/mtannock/ModelFittingTools/ExampleFitting2/samplemodels2/
#     /home/mtannock/ModelFittingTools/ExampleFitting2/BT-Settlmodelnames.txt
#     K
#     2.275,2.3322
#     2.31,2.32
#     0
#     /home/mtannock/ModelFittingTools/ExampleFitting2/
#     Sept10_2022
#     80
#     85
#     1.0
#     40
#     45
#     1.0
#     0.6
#     0.018
#     0
#     /home/mtannock/ModelFittingTools/ExampleFitting2/samplemodels2/
#     Scale
#     5
#     1
#
# NO TELLURIC LINE MASK APPLIED
#
# Filename                                  T_eff             log(g)         f_sed             chisquare       d.o.f.             reduchisquare    vsini(km/s)     rv(km/s)       scale
lte017-4.0-0.0a+0.0.BT-Settl.spec.7   1700    4    0           2047.9044       927.00000       2.2091741       80.000000         40.000000        1.0047845
lte017-4.0-0.0a+0.0.BT-Settl.spec.7   1700    4    0           2041.4268       927.00000       2.2021865       80.000000         41.000000        1.0047097
lte017-4.0-0.0a+0.0.BT-Settl.spec.7   1700    4    0           2036.5298       927.00000       2.1969038       80.000000         42.000000        1.0046251
lte017-4.0-0.0a+0.0.BT-Settl.spec.7   1700    4    0           2033.1632       927.00000       2.1932721       80.000000         43.000000        1.0045336
lte017-4.0-0.0a+0.0.BT-Settl.spec.7   1700    4    0           2031.3254       927.00000       2.1912896       80.000000         44.000000        1.0044426
lte017-4.0-0.0a+0.0.BT-Settl.spec.7   1700    4    0           2031.0703       927.00000       2.1910144       80.000000         45.000000        1.0043577
lte017-4.0-0.0a+0.0.BT-Settl.spec.7   1700    4    0           2055.9540       927.00000       2.2178576       81.000000         40.000000        1.0048362
lte017-4.0-0.0a+0.0.BT-Settl.spec.7   1700    4    0           2049.3310       927.00000       2.2107131       81.000000         41.000000        1.0047609
lte017-4.0-0.0a+0.0.BT-Settl.spec.7   1700    4    0           2044.3808       927.00000       2.2053731       81.000000         42.000000        1.0046799
lte017-4.0-0.0a+0.0.BT-Settl.spec.7   1700    4    0           2041.0688       927.00000       2.2018002       81.000000         43.000000        1.0045965
lte017-4.0-0.0a+0.0.BT-Settl.spec.7   1700    4    0           2039.4207       927.00000       2.2000223       81.000000         44.000000        1.0045127
lte017-4.0-0.0a+0.0.BT-Settl.spec.7   1700    4    0           2039.2425       927.00000       2.1998301       81.000000         45.000000        1.0044285
lte017-4.0-0.0a+0.0.BT-Settl.spec.7   1700    4    0           2064.5885       927.00000       2.2271720       82.000000         40.000000        1.0048818
lte017-4.0-0.0a+0.0.BT-Settl.spec.7   1700    4    0           2057.8619       927.00000       2.2199157       82.000000         41.000000        1.0048052
lte017-4.0-0.0a+0.0.BT-Settl.spec.7   1700    4    0           2052.8581       927.00000       2.2145179       82.000000         42.000000        1.0047283
lte017-4.0-0.0a+0.0.BT-Settl.spec.7   1700    4    0           2049.5792       927.00000       2.2109808       82.000000         43.000000        1.0046537
lte017-4.0-0.0a+0.0.BT-Settl.spec.7   1700    4    0           2048.0701       927.00000       2.2093529       82.000000         44.000000        1.0045781
lte017-4.0-0.0a+0.0.BT-Settl.spec.7   1700    4    0           2047.9554       927.00000       2.2092291       82.000000         45.000000        1.0044955
lte017-4.0-0.0a+0.0.BT-Settl.spec.7   1700    4    0           2075.6256       927.00000       2.2390783       83.000000         40.000000        1.0049371
lte017-4.0-0.0a+0.0.BT-Settl.spec.7   1700    4    0           2069.0818       927.00000       2.2320192       83.000000         41.000000        1.0048592
lte017-4.0-0.0a+0.0.BT-Settl.spec.7   1700    4    0           2064.0794       927.00000       2.2266229       83.000000         42.000000        1.0047844
lte017-4.0-0.0a+0.0.BT-Settl.spec.7   1700    4    0           2060.7275       927.00000       2.2230070       83.000000         43.000000        1.0047146
lte017-4.0-0.0a+0.0.BT-Settl.spec.7   1700    4    0           2058.9697       927.00000       2.2211108       83.000000         44.000000        1.0046422
lte017-4.0-0.0a+0.0.BT-Settl.spec.7   1700    4    0           2058.7458       927.00000       2.2208693       83.000000         45.000000        1.0045656
lte017-4.0-0.0a+0.0.BT-Settl.spec.7   1700    4    0           2087.1294       927.00000       2.2514880       84.000000         40.000000        1.0049943
lte017-4.0-0.0a+0.0.BT-Settl.spec.7   1700    4    0           2080.8359       927.00000       2.2446989       84.000000         41.000000        1.0049191
lte017-4.0-0.0a+0.0.BT-Settl.spec.7   1700    4    0           2075.9100       927.00000       2.2393851       84.000000         42.000000        1.0048437
lte017-4.0-0.0a+0.0.BT-Settl.spec.7   1700    4    0           2072.4915       927.00000       2.2356974       84.000000         43.000000        1.0047697
lte017-4.0-0.0a+0.0.BT-Settl.spec.7   1700    4    0           2070.6596       927.00000       2.2337212       84.000000         44.000000        1.0046931
lte017-4.0-0.0a+0.0.BT-Settl.spec.7   1700    4    0           2070.3989       927.00000       2.2334400       84.000000         45.000000        1.0046161
lte017-4.0-0.0a+0.0.BT-Settl.spec.7   1700    4    0           2097.3258       927.00000       2.2624874       85.000000         40.000000        1.0050344
lte017-4.0-0.0a+0.0.BT-Settl.spec.7   1700    4    0           2091.1430       927.00000       2.2558177       85.000000         41.000000        1.0049585
lte017-4.0-0.0a+0.0.BT-Settl.spec.7   1700    4    0           2086.2020       927.00000       2.2504876       85.000000         42.000000        1.0048845
lte017-4.0-0.0a+0.0.BT-Settl.spec.7   1700    4    0           2082.7163       927.00000       2.2467274       85.000000         43.000000        1.0048128
lte017-4.0-0.0a+0.0.BT-Settl.spec.7   1700    4    0           2080.7187       927.00000       2.2445725       85.000000         44.000000        1.0047385
lte017-4.0-0.0a+0.0.BT-Settl.spec.7   1700    4    0           2080.3842       927.00000       2.2442117       85.000000         45.000000        1.0046645
lte017-4.5-0.0a+0.0.BT-Settl.spec.7   1700    4.5    0           1898.9832       927.00000       2.0485256       80.000000         40.000000        1.0043112
lte017-4.5-0.0a+0.0.BT-Settl.spec.7   1700    4.5    0           1892.3179       927.00000       2.0413354       80.000000         41.000000        1.0042444
lte017-4.5-0.0a+0.0.BT-Settl.spec.7   1700    4.5    0           1887.2213       927.00000       2.0358375       80.000000         42.000000        1.0041686
lte017-4.5-0.0a+0.0.BT-Settl.spec.7   1700    4.5    0           1883.6173       927.00000       2.0319496       80.000000         43.000000        1.0040864
lte017-4.5-0.0a+0.0.BT-Settl.spec.7   1700    4.5    0           1881.4762       927.00000       2.0296399       80.000000         44.000000        1.0040029
lte017-4.5-0.0a+0.0.BT-Settl.spec.7   1700    4.5    0           1880.9367       927.00000       2.0290579       80.000000         45.000000        1.0039244
lte017-4.5-0.0a+0.0.BT-Settl.spec.7   1700    4.5    0           1907.9084       927.00000       2.0581537       81.000000         40.000000        1.0043596
lte017-4.5-0.0a+0.0.BT-Settl.spec.7   1700    4.5    0           1901.0828       927.00000       2.0507905       81.000000         41.000000        1.0042914
lte017-4.5-0.0a+0.0.BT-Settl.spec.7   1700    4.5    0           1895.9124       927.00000       2.0452130       81.000000         42.000000        1.0042173
lte017-4.5-0.0a+0.0.BT-Settl.spec.7   1700    4.5    0           1892.3075       927.00000       2.0413241       81.000000         43.000000        1.0041421
lte017-4.5-0.0a+0.0.BT-Settl.spec.7   1700    4.5    0           1890.3127       927.00000       2.0391723       81.000000         44.000000        1.0040661
lte017-4.5-0.0a+0.0.BT-Settl.spec.7   1700    4.5    0           1889.8223       927.00000       2.0386433       81.000000         45.000000        1.0039896
lte017-4.5-0.0a+0.0.BT-Settl.spec.7   1700    4.5    0           1917.3814       927.00000       2.0683726       82.000000         40.000000        1.0044026
lte017-4.5-0.0a+0.0.BT-Settl.spec.7   1700    4.5    0           1910.3963       927.00000       2.0608374       82.000000         41.000000        1.0043320
lte017-4.5-0.0a+0.0.BT-Settl.spec.7   1700    4.5    0           1905.1425       927.00000       2.0551699       82.000000         42.000000        1.0042602
lte017-4.5-0.0a+0.0.BT-Settl.spec.7   1700    4.5    0           1901.5491       927.00000       2.0512936       82.000000         43.000000        1.0041925
lte017-4.5-0.0a+0.0.BT-Settl.spec.7   1700    4.5    0           1899.6719       927.00000       2.0492685       82.000000         44.000000        1.0041247
lte017-4.5-0.0a+0.0.BT-Settl.spec.7   1700    4.5    0           1899.2245       927.00000       2.0487859       82.000000         45.000000        1.0040507
lte017-4.5-0.0a+0.0.BT-Settl.spec.7   1700    4.5    0           1929.4414       927.00000       2.0813823       83.000000         40.000000        1.0044550
lte017-4.5-0.0a+0.0.BT-Settl.spec.7   1700    4.5    0           1922.5740       927.00000       2.0739741       83.000000         41.000000        1.0043820
lte017-4.5-0.0a+0.0.BT-Settl.spec.7   1700    4.5    0           1917.2569       927.00000       2.0682383       83.000000         42.000000        1.0043128
lte017-4.5-0.0a+0.0.BT-Settl.spec.7   1700    4.5    0           1913.5660       927.00000       2.0642568       83.000000         43.000000        1.0042486
lte017-4.5-0.0a+0.0.BT-Settl.spec.7   1700    4.5    0           1911.4902       927.00000       2.0620175       83.000000         44.000000        1.0041828
lte017-4.5-0.0a+0.0.BT-Settl.spec.7   1700    4.5    0           1910.9635       927.00000       2.0614493       83.000000         45.000000        1.0041134
lte017-4.5-0.0a+0.0.BT-Settl.spec.7   1700    4.5    0           1941.8623       927.00000       2.0947813       84.000000         40.000000        1.0045085
lte017-4.5-0.0a+0.0.BT-Settl.spec.7   1700    4.5    0           1935.2527       927.00000       2.0876512       84.000000         41.000000        1.0044388
lte017-4.5-0.0a+0.0.BT-Settl.spec.7   1700    4.5    0           1929.9888       927.00000       2.0819728       84.000000         42.000000        1.0043688
lte017-4.5-0.0a+0.0.BT-Settl.spec.7   1700    4.5    0           1926.2476       927.00000       2.0779370       84.000000         43.000000        1.0043000
lte017-4.5-0.0a+0.0.BT-Settl.spec.7   1700    4.5    0           1924.0557       927.00000       2.0755725       84.000000         44.000000        1.0042291
lte017-4.5-0.0a+0.0.BT-Settl.spec.7   1700    4.5    0           1923.4222       927.00000       2.0748891       84.000000         45.000000        1.0041585
lte017-4.5-0.0a+0.0.BT-Settl.spec.7   1700    4.5    0           1952.7776       927.00000       2.1065562       85.000000         40.000000        1.0045461
lte017-4.5-0.0a+0.0.BT-Settl.spec.7   1700    4.5    0           1946.2245       927.00000       2.0994871       85.000000         41.000000        1.0044749
lte017-4.5-0.0a+0.0.BT-Settl.spec.7   1700    4.5    0           1940.9272       927.00000       2.0937726       85.000000         42.000000        1.0044063
lte017-4.5-0.0a+0.0.BT-Settl.spec.7   1700    4.5    0           1937.0930       927.00000       2.0896365       85.000000         43.000000        1.0043394
lte017-4.5-0.0a+0.0.BT-Settl.spec.7   1700    4.5    0           1934.7676       927.00000       2.0871280       85.000000         44.000000        1.0042697
lte017-4.5-0.0a+0.0.BT-Settl.spec.7   1700    4.5    0           1934.0571       927.00000       2.0863614       85.000000         45.000000        1.0042012
lte017-5.0-0.0a+0.0.BT-Settl.spec.7   1700    5    0           1164.4873       927.00000       1.2561891       80.000000         40.000000       0.98804143
lte017-5.0-0.0a+0.0.BT-Settl.spec.7   1700    5    0           1157.5221       927.00000       1.2486754       80.000000         41.000000       0.98793269
lte017-5.0-0.0a+0.0.BT-Settl.spec.7   1700    5    0           1153.1445       927.00000       1.2439530       80.000000         42.000000       0.98781716
lte017-5.0-0.0a+0.0.BT-Settl.spec.7   1700    5    0           1151.4875       927.00000       1.2421656       80.000000         43.000000       0.98769659
lte017-5.0-0.0a+0.0.BT-Settl.spec.7   1700    5    0           1152.4438       927.00000       1.2431972       80.000000         44.000000       0.98757579
lte017-5.0-0.0a+0.0.BT-Settl.spec.7   1700    5    0           1156.0192       927.00000       1.2470542       80.000000         45.000000       0.98745905
lte017-5.0-0.0a+0.0.BT-Settl.spec.7   1700    5    0           1155.2993       927.00000       1.2462776       81.000000         40.000000       0.98815311
lte017-5.0-0.0a+0.0.BT-Settl.spec.7   1700    5    0           1148.1876       927.00000       1.2386059       81.000000         41.000000       0.98804338
lte017-5.0-0.0a+0.0.BT-Settl.spec.7   1700    5    0           1143.6489       927.00000       1.2337097       81.000000         42.000000       0.98792933
lte017-5.0-0.0a+0.0.BT-Settl.spec.7   1700    5    0           1141.7672       927.00000       1.2316799       81.000000         43.000000       0.98781403
lte017-5.0-0.0a+0.0.BT-Settl.spec.7   1700    5    0           1142.4753       927.00000       1.2324437       81.000000         44.000000       0.98769876
lte017-5.0-0.0a+0.0.BT-Settl.spec.7   1700    5    0           1145.6900       927.00000       1.2359115       81.000000         45.000000       0.98758316
lte017-5.0-0.0a+0.0.BT-Settl.spec.7   1700    5    0           1149.1510       927.00000       1.2396451       82.000000         40.000000       0.98825404
lte017-5.0-0.0a+0.0.BT-Settl.spec.7   1700    5    0           1141.9562       927.00000       1.2318838       82.000000         41.000000       0.98814256
lte017-5.0-0.0a+0.0.BT-Settl.spec.7   1700    5    0           1137.3170       927.00000       1.2268792       82.000000         42.000000       0.98803036
lte017-5.0-0.0a+0.0.BT-Settl.spec.7   1700    5    0           1135.2219       927.00000       1.2246191       82.000000         43.000000       0.98792087
lte017-5.0-0.0a+0.0.BT-Settl.spec.7   1700    5    0           1135.6689       927.00000       1.2251013       82.000000         44.000000       0.98781115
lte017-5.0-0.0a+0.0.BT-Settl.spec.7   1700    5    0           1138.5243       927.00000       1.2281815       82.000000         45.000000       0.98769782
lte017-5.0-0.0a+0.0.BT-Settl.spec.7   1700    5    0           1144.1724       927.00000       1.2342744       83.000000         40.000000       0.98837168
lte017-5.0-0.0a+0.0.BT-Settl.spec.7   1700    5    0           1137.0241       927.00000       1.2265633       83.000000         41.000000       0.98825898
lte017-5.0-0.0a+0.0.BT-Settl.spec.7   1700    5    0           1132.3163       927.00000       1.2214847       83.000000         42.000000       0.98814824
lte017-5.0-0.0a+0.0.BT-Settl.spec.7   1700    5    0           1129.9624       927.00000       1.2189454       83.000000         43.000000       0.98804203
lte017-5.0-0.0a+0.0.BT-Settl.spec.7   1700    5    0           1129.9604       927.00000       1.2189433       83.000000         44.000000       0.98793475
lte017-5.0-0.0a+0.0.BT-Settl.spec.7   1700    5    0           1132.3413       927.00000       1.2215116       83.000000         45.000000       0.98782509
lte017-5.0-0.0a+0.0.BT-Settl.spec.7   1700    5    0           1142.2188       927.00000       1.2321669       84.000000         40.000000       0.98848227
lte017-5.0-0.0a+0.0.BT-Settl.spec.7   1700    5    0           1135.0644       927.00000       1.2244492       84.000000         41.000000       0.98837260
lte017-5.0-0.0a+0.0.BT-Settl.spec.7   1700    5    0           1130.1764       927.00000       1.2191763       84.000000         42.000000       0.98826251
lte017-5.0-0.0a+0.0.BT-Settl.spec.7   1700    5    0           1127.5800       927.00000       1.2163754       84.000000         43.000000       0.98815327
lte017-5.0-0.0a+0.0.BT-Settl.spec.7   1700    5    0           1127.3294       927.00000       1.2161050       84.000000         44.000000       0.98804181
lte017-5.0-0.0a+0.0.BT-Settl.spec.7   1700    5    0           1129.4479       927.00000       1.2183904       84.000000         45.000000       0.98793102
lte017-5.0-0.0a+0.0.BT-Settl.spec.7   1700    5    0           1143.3704       927.00000       1.2334092       85.000000         40.000000       0.98856356
lte017-5.0-0.0a+0.0.BT-Settl.spec.7   1700    5    0           1136.2155       927.00000       1.2256909       85.000000         41.000000       0.98845323
lte017-5.0-0.0a+0.0.BT-Settl.spec.7   1700    5    0           1131.2437       927.00000       1.2203276       85.000000         42.000000       0.98834433
lte017-5.0-0.0a+0.0.BT-Settl.spec.7   1700    5    0           1128.4541       927.00000       1.2173183       85.000000         43.000000       0.98823693
lte017-5.0-0.0a+0.0.BT-Settl.spec.7   1700    5    0           1127.9029       927.00000       1.2167237       85.000000         44.000000       0.98812637
lte017-5.0-0.0a+0.0.BT-Settl.spec.7   1700    5    0           1129.7009       927.00000       1.2186634       85.000000         45.000000       0.98801725
lte017-5.5-0.0a+0.0.BT-Settl.spec.7   1700    5.5    0           2012.3891       927.00000       2.1708621       80.000000         40.000000       0.99127708
lte017-5.5-0.0a+0.0.BT-Settl.spec.7   1700    5.5    0           2006.5105       927.00000       2.1645205       80.000000         41.000000       0.99121040
lte017-5.5-0.0a+0.0.BT-Settl.spec.7   1700    5.5    0           2002.5738       927.00000       2.1602737       80.000000         42.000000       0.99113900
lte017-5.5-0.0a+0.0.BT-Settl.spec.7   1700    5.5    0           2000.5091       927.00000       2.1580465       80.000000         43.000000       0.99106535
lte017-5.5-0.0a+0.0.BT-Settl.spec.7   1700    5.5    0           2000.3105       927.00000       2.1578323       80.000000         44.000000       0.99099079
lte017-5.5-0.0a+0.0.BT-Settl.spec.7   1700    5.5    0           2002.0937       927.00000       2.1597558       80.000000         45.000000       0.99091901
lte017-5.5-0.0a+0.0.BT-Settl.spec.7   1700    5.5    0           2013.5390       927.00000       2.1721025       81.000000         40.000000       0.99134979
lte017-5.5-0.0a+0.0.BT-Settl.spec.7   1700    5.5    0           2007.5378       927.00000       2.1656286       81.000000         41.000000       0.99128287
lte017-5.5-0.0a+0.0.BT-Settl.spec.7   1700    5.5    0           2003.4388       927.00000       2.1612069       81.000000         42.000000       0.99121293
lte017-5.5-0.0a+0.0.BT-Settl.spec.7   1700    5.5    0           2001.2118       927.00000       2.1588045       81.000000         43.000000       0.99114281
lte017-5.5-0.0a+0.0.BT-Settl.spec.7   1700    5.5    0           2000.9157       927.00000       2.1584852       81.000000         44.000000       0.99107269
lte017-5.5-0.0a+0.0.BT-Settl.spec.7   1700    5.5    0           2002.5558       927.00000       2.1602543       81.000000         45.000000       0.99100223
lte017-5.5-0.0a+0.0.BT-Settl.spec.7   1700    5.5    0           2016.4522       927.00000       2.1752451       82.000000         40.000000       0.99141541
lte017-5.5-0.0a+0.0.BT-Settl.spec.7   1700    5.5    0           2010.3220       927.00000       2.1686322       82.000000         41.000000       0.99134773
lte017-5.5-0.0a+0.0.BT-Settl.spec.7   1700    5.5    0           2006.0669       927.00000       2.1640420       82.000000         42.000000       0.99127932
lte017-5.5-0.0a+0.0.BT-Settl.spec.7   1700    5.5    0           2003.7168       927.00000       2.1615068       82.000000         43.000000       0.99121316
lte017-5.5-0.0a+0.0.BT-Settl.spec.7   1700    5.5    0           2003.3236       927.00000       2.1610826       82.000000         44.000000       0.99114719
lte017-5.5-0.0a+0.0.BT-Settl.spec.7   1700    5.5    0           2004.8598       927.00000       2.1627398       82.000000         45.000000       0.99107848
lte017-5.5-0.0a+0.0.BT-Settl.spec.7   1700    5.5    0           2021.4119       927.00000       2.1805954       83.000000         40.000000       0.99149442
lte017-5.5-0.0a+0.0.BT-Settl.spec.7   1700    5.5    0           2015.3444       927.00000       2.1740500       83.000000         41.000000       0.99142485
lte017-5.5-0.0a+0.0.BT-Settl.spec.7   1700    5.5    0           2011.0574       927.00000       2.1694255       83.000000         42.000000       0.99135734
lte017-5.5-0.0a+0.0.BT-Settl.spec.7   1700    5.5    0           2008.6363       927.00000       2.1668137       83.000000         43.000000       0.99129336
lte017-5.5-0.0a+0.0.BT-Settl.spec.7   1700    5.5    0           2008.1169       927.00000       2.1662534       83.000000         44.000000       0.99122846
lte017-5.5-0.0a+0.0.BT-Settl.spec.7   1700    5.5    0           2009.4818       927.00000       2.1677258       83.000000         45.000000       0.99116238
lte017-5.5-0.0a+0.0.BT-Settl.spec.7   1700    5.5    0           2027.9770       927.00000       2.1876774       84.000000         40.000000       0.99156874
lte017-5.5-0.0a+0.0.BT-Settl.spec.7   1700    5.5    0           2022.1002       927.00000       2.1813379       84.000000         41.000000       0.99150074
lte017-5.5-0.0a+0.0.BT-Settl.spec.7   1700    5.5    0           2017.8849       927.00000       2.1767907       84.000000         42.000000       0.99143305
lte017-5.5-0.0a+0.0.BT-Settl.spec.7   1700    5.5    0           2015.4610       927.00000       2.1741759       84.000000         43.000000       0.99136648
lte017-5.5-0.0a+0.0.BT-Settl.spec.7   1700    5.5    0           2014.8204       927.00000       2.1734848       84.000000         44.000000       0.99129868
lte017-5.5-0.0a+0.0.BT-Settl.spec.7   1700    5.5    0           2015.9993       927.00000       2.1747565       84.000000         45.000000       0.99123157
lte017-5.5-0.0a+0.0.BT-Settl.spec.7   1700    5.5    0           2035.0489       927.00000       2.1953062       85.000000         40.000000       0.99162196
lte017-5.5-0.0a+0.0.BT-Settl.spec.7   1700    5.5    0           2029.1954       927.00000       2.1889919       85.000000         41.000000       0.99155356
lte017-5.5-0.0a+0.0.BT-Settl.spec.7   1700    5.5    0           2024.9471       927.00000       2.1844089       85.000000         42.000000       0.99148647
lte017-5.5-0.0a+0.0.BT-Settl.spec.7   1700    5.5    0           2022.4261       927.00000       2.1816895       85.000000         43.000000       0.99142092
lte017-5.5-0.0a+0.0.BT-Settl.spec.7   1700    5.5    0           2021.6891       927.00000       2.1808944       85.000000         44.000000       0.99135360
lte017-5.5-0.0a+0.0.BT-Settl.spec.7   1700    5.5    0           2022.7332       927.00000       2.1820207       85.000000         45.000000       0.99128779
