# lam,data uncert
22698.44371353104,0.05620023869696231
22699.05993593331,0.1219421925275384
22699.67615833547,0.08765934558315704
22700.29238073774,0.02995453597923155
22700.90860313991,0.01380820834907166
22701.52482554207,0.02058652074078490
22702.14104794434,0.02856514279123821
22702.75727034650,0.05394898867345857
22703.37349274877,0.06415342303950410
22703.98971515094,0.04322233464185695
22704.60593755320,0.1036829517206446
22705.22215995537,0.04874813600560884
22705.83838235763,0.04395956473126843
22706.45460475980,0.03984009786300562
22707.07082716206,0.05293814874399066
22707.68704956423,0.03221895542337977
22708.30327196650,0.02239607380267312
22708.91949436866,0.02773815981743445
22709.53571677092,0.01575714099778076
22710.15193917309,0.02794424902085326
22710.76816157536,0.02272538655878884
22711.38438397753,0.04410624349844652
22712.00060637979,0.02715374907550155
22712.61682878196,0.02405274315041294
22713.23305118412,0.03088543250478724
22713.84927358639,0.02346857700182534
22714.46549598856,0.03889232439662400
22715.08171839082,0.04329160605191358
22715.69794079298,0.04104314954187988
22716.31416319525,0.03403574329895537
22716.93038559742,0.03711015291607577
22717.54660799968,0.02258219646511482
22718.16283040184,0.04865849898122223
22718.77905280412,0.04547100999856802
22719.39527520628,0.01529077872829152
22720.01149760854,0.02807128308040331
22720.62772001071,0.02726473008759935
22721.24394241298,0.02769762168878395
22721.86016481514,0.03567495640584093
22722.47638721741,0.02933507114891653
22723.09260961957,0.02820892476713915
22723.70883202184,0.01599658500949854
22724.32505442400,0.02926469263213905
22724.94127682617,0.03629276057607469
22725.55749922843,0.02220877966684076
22726.17372163060,0.02327510366569058
22726.78994403287,0.05665473175253737
22727.40616643503,0.03445347011273119
22728.02238883730,0.03807531825664182
22728.63861123946,0.03163865127498117
22729.25483364173,0.01682448199001369
22729.87105604389,0.03709238771520638
22730.48727844616,0.02892263527539964
22731.10350084833,0.02997004834665735
22731.71972325060,0.04535466080620752
22732.33594565276,0.03648779158561900
22732.95216805503,0.03048778809199421
22733.56839045719,0.02494075860053680
22734.18461285946,0.03502108115384196
22734.80083526162,0.02755822922862911
22735.41705766389,0.03678592512687556
22736.03328006605,0.02639330836495420
22736.64950246832,0.03504036540811901
22737.26572487048,0.03523154729080829
22737.88194727275,0.02971507909417981
22738.49816967491,0.02042105977935433
22739.11439207708,0.01877547437215693
22739.73061447934,0.02822867246143888
22740.34683688151,0.04593164363444359
22740.96305928377,0.07638051563786667
22741.57928168595,0.1240357055899895
22742.19550408821,0.05265583653017502
22742.81172649038,0.09787626708314699
22743.42794889264,0.05668528017403233
22744.04417129481,0.06497767686650763
22744.66039369708,0.1442400427920713
22745.27661609924,0.06684437465785904
22745.89283850150,0.1134867808070855
22746.50906090367,0.04349551966189259
22747.12528330594,0.03413220319034255
22747.74150570810,0.03298809850768633
22748.35772811036,0.04405078517573253
22748.97395051253,0.03468253821727453
22749.59017291470,0.03453809941020607
22750.20639531696,0.03623419977987554
22750.82261771913,0.02804963013267701
22751.43884012139,0.02241149605676118
22752.05506252356,0.03495520830395164
22752.67128492583,0.02251587304853579
22753.28750732800,0.02548100093364155
22753.90372973026,0.03349618325255069
22754.51995213243,0.01860481258380518
22755.13617453469,0.02735977391225054
22755.75239693686,0.03918346771753849
22756.36861933912,0.03667220209464358
22756.98484174129,0.03685240302346215
22757.60106414355,0.05101608274326300
22758.21728654572,0.05768757220974860
22758.83350894798,0.05662489136441039
22759.44973135015,0.06118676322765670
22760.06595375241,0.05891441380978708
22760.68217615458,0.01819128247690141
22761.29839855674,0.04494143965931887
22761.91462095901,0.03247607452262918
22762.53084336128,0.04990783029569464
22763.14706576345,0.05343480196829559
22763.76328816561,0.04595324508883404
22764.37951056788,0.03683928509615353
22764.99573297004,0.03441811993766791
22765.61195537231,0.02341538438588890
22766.22817777447,0.04029684375202425
22766.84440017674,0.02770499810914493
22767.46062257891,0.02795978713494699
22768.07684498117,0.03217688536798764
22768.69306738333,0.03531743817501157
22769.30928978560,0.02698487668057071
22769.92551218777,0.008493273482972371
22770.54173459003,0.01809021393195537
22771.15795699220,0.03135599148114852
22771.77417939447,0.03440482178368380
22772.39040179663,0.05026798755998647
22773.00662419890,0.02951493737105206
22773.62284660106,0.03069210077532608
22774.23906900333,0.03132049969941165
22774.85529140550,0.03476759233477019
22775.47151380766,0.02674428694213019
22776.08773620993,0.02083934014649056
22776.70395861209,0.02388914882240705
22777.32018101436,0.03366952269436681
22777.93640341652,0.03053375876757723
22778.55262581879,0.03018876629069418
22779.16884822095,0.02512108826269501
22779.78507062322,0.03368391508173781
22780.40129302538,0.01886513714321146
22781.01751542765,0.02253535040282229
22781.63373782982,0.04191842039138006
22782.24996023209,0.02947370408236754
22782.86618263425,0.05058257322204816
22783.48240503652,0.04224608536074848
22784.09862743868,0.03399236016349899
22784.71484984095,0.03309662071299713
22785.33107224311,0.01947659475980129
22785.94729464538,0.04636770207578317
22786.56351704754,0.04841955702952902
22787.17973944971,0.02703707804979197
22787.79596185197,0.03804153862832207
22788.41218425414,0.02227749752353696
22789.02840665640,0.02755015764823410
22789.64462905857,0.03922739153302134
22790.26085146084,0.04240912613539394
22790.87707386300,0.02768845587500206
22791.49329626526,0.02140442801414451
22792.10951866744,0.03520890309636681
22792.72574106970,0.02620873050258810
22793.34196347187,0.03899013598807732
22793.95818587413,0.02360823980199341
22794.57440827630,0.02842846660454963
22795.19063067856,0.02092111156382558
22795.80685308073,0.03721741353465816
22796.42307548299,0.05154521538915740
22797.03929788516,0.04070171010517071
22797.65552028743,0.03246160489525441
22798.27174268959,0.03191858192201359
22798.88796509176,0.04102129062081016
22799.50418749402,0.03545697224184001
22800.12040989629,0.02238159130196438
22800.73663229846,0.04386073614643202
22801.35285470062,0.01483255240586710
22801.96907710288,0.02065940955768522
22802.58529950506,0.03602762138976612
22803.20152190732,0.04138292831850778
22803.81774430949,0.03185950619245591
22804.43396671175,0.03137978140231274
22805.05018911392,0.03772619343955655
22805.66641151618,0.03177225073485252
22806.28263391835,0.03554088063261294
22806.89885632061,0.03087692323103749
22807.51507872278,0.03541526263979886
22808.13130112504,0.01515788730178816
22808.74752352721,0.03095153707468890
22809.36374592947,0.03680972792137374
22809.97996833164,0.05050985175848936
22810.59619073390,0.03381344656807675
22811.21241313607,0.02332769123493075
22811.82863553823,0.03088270335798702
22812.44485794050,0.04013890081762826
22813.06108034267,0.04077709634885992
22813.67730274494,0.02365170017745359
22814.29352514710,0.02263626446776077
22814.90974754937,0.02444893287646811
22815.52596995153,0.03404590035945244
22816.14219235380,0.03364448405980815
22816.75841475596,0.02703407856297852
22817.37463715823,0.01897109755506356
22817.99085956040,0.03071099882958424
22818.60708196266,0.02519346214623680
22819.22330436482,0.01990415680072509
22819.83952676709,0.02655324666611450
22820.45574916925,0.02847555726018746
22821.07197157152,0.02582686879723410
22821.68819397368,0.03007439959176404
22822.30441637596,0.03437150559538672
22822.92063877812,0.02373714049496815
22823.53686118029,0.02315514993982036
22824.15308358256,0.02282021153676266
22824.76930598472,0.01893175664647165
22825.38552838699,0.01604840017870091
22826.00175078915,0.02085127372707456
22826.61797319142,0.03002270028256734
22827.23419559358,0.03124864074922839
22827.85041799585,0.05781319020256269
22828.46664039801,0.05081967428698460
22829.08286280028,0.03607384953202841
22829.69908520244,0.05049830437792426
22830.31530760471,0.04762538818399777
22830.93153000687,0.06088275944611287
22831.54775240914,0.05094858785329331
22832.16397481130,0.04682715136493410
22832.78019721357,0.02081924487217382
22833.39641961574,0.03675844055886387
22834.01264201801,0.04365150584952615
22834.62886442017,0.05709595240079624
22835.24508682244,0.05348000024384081
22835.86130922460,0.03703865441924348
22836.47753162677,0.02939834358534625
22837.09375402903,0.01363050484704197
22837.70997643120,0.03253507301218309
22838.32619883346,0.03967454678823731
22838.94242123563,0.03308542091244904
22839.55864363789,0.01203614758501821
22840.17486604006,0.04664508380269086
22840.79108844233,0.04646501160721191
22841.40731084449,0.04339410353692954
22842.02353324676,0.06483395896614111
22842.63975564892,0.05366166873273120
22843.25597805119,0.04562689319952988
22843.87220045336,0.04260952532520097
22844.48842285562,0.04278783387392693
22845.10464525779,0.05772991260515396
22845.72086766005,0.03924305838045470
22846.33709006222,0.008445270107956541
22846.95331246448,0.02930372458071584
22847.56953486665,0.02900913120629920
22848.18575726892,0.01795754135212939
22848.80197967108,0.07762486497209528
22849.41820207325,0.07005114789479031
22850.03442447551,0.02582552997050191
22850.65064687768,0.04878376939401931
22851.26686927995,0.02772150172328591
22851.88309168211,0.03212557225880984
22852.49931408438,0.04456806148104671
22853.11553648654,0.04462068767028876
22853.73175888881,0.05333633383681014
22854.34798129098,0.04657466666591149
22854.96420369324,0.04580170020141781
22855.58042609541,0.04966053355025923
22856.19664849767,0.04554601004223833
22856.81287089984,0.04562975107966973
22857.42909330210,0.04001301248480095
22858.04531570427,0.04824129997413892
22858.66153810653,0.03864286493108277
22859.27776050870,0.04869209838286650
22859.89398291086,0.04649189112852733
22860.51020531313,0.06698547927143102
22861.12642771529,0.07992198268451033
22861.74265011756,0.05166598013506732
22862.35887251973,0.04434299698336595
22862.97509492200,0.05827889593201980
22863.59131732416,0.06408061146260756
22864.20753972643,0.09299935899115028
22864.82376212859,0.06096531613681965
22865.43998453086,0.07368256092583569
22866.05620693302,0.07526855567011688
22866.67242933529,0.07365192239100297
22867.28865173745,0.07810700994902355
22867.90487413972,0.09981313741793246
22868.52109654188,0.1066220239778086
22869.13731894415,0.07899762581260801
22869.75354134631,0.08701733954507224
22870.36976374858,0.1001599965282402
22870.98598615074,0.1158079072873422
22871.60220855291,0.1304816671187717
22872.21843095518,0.09797739999476283
22872.83465335744,0.09262941799304632
22873.45087575961,0.1002011397035870
22874.06709816178,0.08505301038894302
22874.68332056405,0.1550312437201651
22875.29954296621,0.1599923691629498
22875.91576536847,0.1550312437201651
22876.53198777064,0.05623851111883526
22877.14821017291,0.1326954943604441
22877.76443257507,0.1057875487236382
22878.38065497734,0.09883912809693361
22878.99687737950,0.08051468385351561
22879.61309978177,0.07096308199941803
22880.22932218394,0.08405485069342895
22880.84554458620,0.1034589428363488
22881.46176698836,0.08468673829101860
22882.07798939063,0.07629682609377113
22882.69421179280,0.08251919068494436
22883.31043419506,0.07913866605951016
22883.92665659723,0.07096256706605950
22884.54287899940,0.04177708405779675
22885.15910140166,0.05388849687716493
22885.77532380382,0.09901335579879320
22886.39154620609,0.08438255428279927
22887.00776860826,0.08442019591130802
22887.62399101052,0.08603010931009306
22888.24021341269,0.07636282767700107
22888.85643581495,0.05944313450899465
22889.47265821712,0.05467042318209706
22890.08888061938,0.06521902613165199
22890.70510302155,0.04621765049510670
22891.32132542381,0.06857014806231397
22891.93754782598,0.04543550534349718
22892.55377022825,0.03346522288436891
22893.16999263042,0.02939802175199717
22893.78621503268,0.04934016776124802
22894.40243743485,0.07494046588072767
22895.01865983711,0.04225440153448878
22895.63488223928,0.03670989521648818
22896.25110464155,0.05566240367730870
22896.86732704371,0.03216094818054104
22897.48354944588,0.03505554306886177
22898.09977184814,0.04351047847595797
22898.71599425031,0.04938393709672331
22899.33221665257,0.03103612775216188
22899.94843905474,0.03526764411924144
22900.56466145700,0.04171621893481817
22901.18088385917,0.04643577626578121
22901.79710626143,0.04341004072437613
22902.41332866360,0.04052602771657326
22903.02955106587,0.04285168561038500
22903.64577346804,0.03601963992270886
22904.26199587030,0.03142285557775402
22904.87821827246,0.04909355330251267
22905.49444067473,0.05814735620558258
22906.11066307690,0.04177372411763233
22906.72688547916,0.02859101819250449
22907.34310788133,0.02577706186813001
22907.95933028359,0.04536298985328179
22908.57555268576,0.04270366801647473
22909.19177508802,0.05937845887916293
22909.80799749019,0.04863828784689982
22910.42421989235,0.01473465070107604
22911.04044229462,0.02590306606096300
22911.65666469678,0.04075195472762955
22912.27288709905,0.04487385465601144
22912.88910950122,0.04395541951773224
22913.50533190349,0.03368312980836605
22914.12155430565,0.05226392075099567
22914.73777670792,0.05407712983972948
22915.35399911008,0.05015472796777717
22915.97022151235,0.03573781689558383
22916.58644391451,0.05990206886478706
22917.20266631678,0.04911514188356916
22917.81888871894,0.04192302904493893
22918.43511112121,0.03848717483013037
22919.05133352337,0.03903501243027346
22919.66755592564,0.04062032488785459
22920.28377832781,0.04731597760218934
22920.90000073007,0.05103487781084945
22921.51622313224,0.06318492350544154
22922.13244553440,0.03885096237459986
22922.74866793667,0.05708594982030674
22923.36489033884,0.05765558197484975
22923.98111274110,0.06954115789649937
22924.59733514327,0.02378689593073639
22925.21355754554,0.03550483529751564
22925.82977994770,0.1121951477172096
22926.44600234996,0.1344349392455680
22927.06222475213,0.03256143760013997
22927.67844715440,0.05314531930746239
22928.29466955656,0.04631283592643150
22928.91089195883,0.04402191028765279
22929.52711436099,0.03506136181581319
22930.14333676326,0.02821340468735838
22930.75955916542,0.03742621901154324
22931.37578156769,0.01754419147190110
22931.99200396985,0.02795170268121802
22932.60822637212,0.009156287514751910
22933.22444877429,0.02540852406342805
22933.84067117646,0.03568871799984773
22934.45689357872,0.03329701990280415
22935.07311598089,0.01574502719052128
22935.68933838315,0.03387055267753804
22936.30556078532,0.02678200581064272
22936.92178318758,0.008770935848560455
22937.53800558975,0.04652361102341295
22938.15422799201,0.05574131721450387
22938.77045039418,0.02766749808730978
22939.38667279644,0.02913433725242646
22940.00289519861,0.02663673023686664
22940.61911760087,0.03938604250078531
22941.23534000304,0.03873647981566404
22941.85156240530,0.03277159477709119
22942.46778480747,0.03402751723855282
22943.08400720974,0.02438838958683861
22943.70022961191,0.02834161022029910
22944.31645201418,0.02084470832675327
22944.93267441634,0.07374567888225785
22945.54889681860,0.04269352382931164
22946.16511922077,0.03749561915493951
22946.78134162294,0.03898113752763696
22947.39756402520,0.02314025549242480
22948.01378642737,0.03415385613806885
22948.63000882963,0.04185814744176379
22949.24623123180,0.03020569472485595
22949.86245363406,0.03424223157572705
22950.47867603623,0.05992006578566778
22951.09489843849,0.03562321847664234
22951.71112084066,0.03641549494208099
22952.32734324292,0.03502050185381360
22952.94356564509,0.04147740571646460
22953.55978804736,0.04184118038760013
22954.17601044953,0.03405785968670436
22954.79223285179,0.03436992217530924
22955.40845525395,0.02925683989842143
22956.02467765622,0.03672795650403873
22956.64090005839,0.09683598583890496
22957.25712246065,0.03658322161028910
22957.87334486282,0.03666377006089760
22958.48956726508,0.02684705476715939
22959.10578966725,0.04407564358361570
22959.72201206941,0.05009484121817980
22960.33823447168,0.03731209690595839
22960.95445687384,0.08182059347075681
22961.57067927611,0.08578053398454615
22962.18690167827,0.04860464982525366
22962.80312408054,0.02541537267709653
22963.41934648271,0.01559004512293685
22964.03556888498,0.01437902485033929
22964.65179128714,0.04055065440444509
22965.26801368941,0.02894696587659032
22965.88423609157,0.03224141939114576
22966.50045849384,0.02112721364057835
22967.11668089600,0.03583978657390730
22967.73290329827,0.03580208057872872
22968.34912570044,0.03794354681019326
22968.96534810270,0.03198100471840173
22969.58157050487,0.02957452803396827
22970.19779290713,0.03273073481509160
22970.81401530930,0.03023715715306231
22971.43023771156,0.03049413464563813
22972.04646011373,0.01464828350351612
22972.66268251589,0.02692464235095632
22973.27890491816,0.01630258415780669
22973.89512732033,0.03089909111212233
22974.51134972259,0.02210096549489794
22975.12757212475,0.02403372923614911
22975.74379452702,0.04524658916758544
22976.36001692919,0.03901660356270591
22976.97623933146,0.03611423318067134
22977.59246173362,0.04496655553388131
22978.20868413589,0.03576880301043354
22978.82490653805,0.04069972761174035
22979.44112894032,0.01229526333836534
22980.05735134248,0.02786278656353336
22980.67357374475,0.03045376387032915
22981.28979614691,0.01816249770215942
22981.90601854908,0.02418837659705049
22982.52224095134,0.02078581282387107
22983.13846335351,0.02954705633929054
22983.75468575578,0.03141498997070243
22984.37090815794,0.03731362883270003
22984.98713056021,0.03482024427068018
22985.60335296237,0.04431968337555838
22986.21957536464,0.03061361205815171
22986.83579776681,0.03307275355182913
22987.45202016907,0.02670163758670971
22988.06824257124,0.03091138514605730
22988.68446497350,0.02948451768289673
22989.30068737567,0.02402845116922415
22989.91690977793,0.04422019825068983
22990.53313218010,0.009998543411969756
22991.14935458236,0.02240538122312860
22991.76557698453,0.04890400633323673
22992.38179938680,0.03023718289973023
22992.99802178896,0.01638254043505287
22993.61424419123,0.02184362754897115
22994.23046659340,0.03396248115537012
22994.84668899567,0.01907974849371399
22995.46291139783,0.01696396456350628
22996.07913379999,0.01260458895616961
22996.69535620226,0.02515762278448291
22997.31157860443,0.04058400921274406
22997.92780100669,0.02617397250088713
22998.54402340886,0.03174942631373555
22999.16024581112,0.01617191981807897
22999.77646821329,0.01981319382294026
23000.39269061555,0.02588200528659900
23001.00891301771,0.03951361724036182
23001.62513541998,0.04338825904331019
23002.24135782215,0.03441136143733717
23002.85758022441,0.02051930906416240
23003.47380262658,0.02875763775399175
23004.09002502885,0.01890746466528286
23004.70624743102,0.03267669255911359
23005.32246983327,0.04737822017190201
23005.93869223544,0.03380981628789909
23006.55491463771,0.03082495358182756
23007.17113703988,0.02259736125252361
23007.78735944204,0.01384483298419731
23008.40358184430,0.01934575019339810
23009.01980424647,0.02540933508346773
23009.63602664874,0.01758066162701919
23010.25224905090,0.02568542947697909
23010.86847145317,0.01602392797083663
23011.48469385533,0.02013215641854947
23012.10091625760,0.01391936958784494
23012.71713865977,0.01091394688010059
23013.33336106203,0.02227543779010284
23013.94958346420,0.03482027001734810
23014.56580586647,0.02509243222129266
23015.18202826863,0.03588802295626787
23015.79825067089,0.02701718874881864
23016.41447307306,0.02596785755080039
23017.03069547533,0.02274839120658129
23017.64691787749,0.02500014329010961
23018.26314027976,0.03231546680810279
23018.87936268192,0.01510012465229473
23019.49558508409,0.02317050782723860
23020.11180748636,0.04180068087895152
23020.72802988852,0.02523711562170642
23021.34425229079,0.02508720564770355
23021.96047469295,0.03006407517792545
23022.57669709522,0.03317227729669957
23023.19291949739,0.03568195949951698
23023.80914189966,0.03516479905420847
23024.42536430182,0.02714347615499882
23025.04158670408,0.02426834574763064
23025.65780910625,0.03405604454661553
23026.27403150852,0.01957358245788096
23026.89025391068,0.03607087579188288
23027.50647631294,0.05137142538065256
23028.12269871511,0.02043847740020670
23028.73892111738,0.02674498210216421
23029.35514351954,0.01563938861201826
23029.97136592181,0.01314817964343821
23030.58758832397,0.02169944620858195
23031.20381072624,0.02480159786039330
23031.82003312840,0.02636757457036152
23032.43625553067,0.02432496267040133
23033.05247793284,0.02361517852899965
23033.66870033501,0.04162077603681411
23034.28492273726,0.04737218257827321
23034.90114513943,0.02101893602861286
23035.51736754170,0.02531143337867667
23036.13358994387,0.04078624928930784
23036.74981234613,0.03018189193035777
23037.36603474829,0.02943722105391548
23037.98225715056,0.05636496587835697
23038.59847955273,0.03881982177974258
23039.21470195499,0.04695146915101790
23039.83092435716,0.02648851954294692
23040.44714675942,0.02890878356805511
23041.06336916159,0.03347589487822450
23041.67959156385,0.02237187193482208
23042.29581396602,0.02562241450722863
23042.91203636829,0.01883160210823701
23043.52825877046,0.02162864287178368
23044.14448117263,0.03719125492004469
23044.76070357488,0.04108294101716050
23045.37692597705,0.02108941753206204
23045.99314837932,0.02381524301212362
23046.60937078149,0.01734886437567562
23047.22559318375,0.02661563084250076
23047.84181558591,0.01920395041979212
23048.45803798818,0.02462497571841653
23049.07426039035,0.01708559182279174
23049.69048279261,0.05179440451468541
23050.30670519478,0.02291047935451348
23050.92292759704,0.02685501048754872
23051.53914999920,0.03162419452094036
23052.15537240147,0.01607083839979898
23052.77159480364,0.01632619385229542
23053.38781720590,0.009104873993569199
23054.00403960807,0.02963747863704891
23054.62026201034,0.02090334636295620
23055.23648441250,0.02092629951741280
23055.85270681467,0.03025690484736204
23056.46892921694,0.02886401011253068
23057.08515161920,0.01841168682768743
23057.70137402137,0.02680174063160849
23058.31759642353,0.01769089598574711
23058.93381882580,0.02936922410392122
23059.55004122796,0.01299310746251604
23060.16626363023,0.01273158568305117
23060.78248603239,0.01379188496160617
23061.39870843466,0.01081313708916722
23062.01493083682,0.02271371044488411
23062.63115323909,0.03076519556556982
23063.24737564125,0.02606902908241814
23063.86359804352,0.02343069077997129
23064.47982044569,0.02509120925456614
23065.09604284796,0.01748411162229428
23065.71226525012,0.03021995837888731
23066.32848765239,0.02120886919790770
23066.94471005455,0.01133658229611662
23067.56093245681,0.03537252317104063
23068.17715485898,0.02717896793673570
23068.79337726115,0.02166510015356781
23069.40959966342,0.01634519489322528
23070.02582206558,0.03583477884699557
23070.64204446784,0.01820203171076078
23071.25826687001,0.04143291547428736
23071.87448927228,0.02020880424896709
23072.49071167444,0.02293833724921010
23073.10693407671,0.01894179784696304
23073.72315647887,0.01954369057641812
23074.33937888114,0.02280144221584414
23074.95560128331,0.02405542080387731
23075.57182368557,0.02758424623656898
23076.18804608774,0.04985140647293340
23076.80426849001,0.02396286153268103
23077.42049089217,0.02587027767935842
23078.03671329443,0.02682741005953136
23078.65293569660,0.03003960297006118
23079.26915809887,0.02530440453833270
23079.88538050103,0.02110140260598189
23080.50160290330,0.03059524181058605
23081.11782530546,0.02062722622277692
23081.73404770763,0.03403128912540407
23082.35027010989,0.01933064977265912
23082.96649251206,0.01542633493492530
23083.58271491433,0.02050558609015750
23084.19893731649,0.01584397163536336
23084.81515971875,0.03163220173466554
23085.43138212092,0.03101701085122635
23086.04760452319,0.02899933459915311
23086.66382692536,0.02307801292271214
23087.28004932762,0.02361401992894295
23087.89627172978,0.01741750499236806
23088.51249413205,0.02500325863692873
23089.12871653422,0.01954092280961602
23089.74493893648,0.01659519503879298
23090.36116133865,0.02269122073045019
23090.97738374092,0.01662319454016320
23091.59360614308,0.03179531974931479
23092.20982854534,0.01524120351919877
23092.82605094751,0.02114972910168020
23093.44227334968,0.01851740264619423
23094.05849575195,0.02997133568005369
23094.67471815411,0.03425318678292984
23095.29094055637,0.01871466074251420
23095.90716295854,0.01950052628763911
23096.52338536081,0.008428606864474417
23097.13960776298,0.03489371238760886
23097.75583016524,0.07644251361423403
23098.37205256740,0.01383211413024155
23098.98827496967,0.01826395244712436
23099.60449737183,0.02953689927879348
23100.22071977410,0.02272816719892492
23100.83694217627,0.01770424563306707
23101.45316457853,0.02531727787229602
23102.06938698070,0.03184968383864190
23102.68560938296,0.02951362429098780
23103.30183178513,0.01908325004055201
23103.91805418739,0.02003967438735697
23104.53427658956,0.009797553336133817
23105.15049899182,0.02320773750906053
23105.76672139399,0.01086070663282848
23106.38294379616,0.02113533671430921
23106.99916619842,0.01129908871094844
23107.61538860058,0.01546198119666973
23108.23161100286,0.009372116682647371
23108.84783340502,0.008914098908233154
23109.46405580729,0.03064261567957108
23110.08027820945,0.03625294335412613
23110.69650061172,0.01748420173563202
23111.31272301388,0.03567303827908040
23111.92894541615,0.02799666923675190
23112.54516781831,0.02937994759111267
23113.16139022058,0.02053599290497886
23113.77761262275,0.02484131209567015
23114.39383502501,0.02260155795939565
23115.01005742718,0.02891700962845767
23115.62627982944,0.06023647946115226
23116.24250223161,0.02253497707613735
23116.85872463388,0.02124343409959922
23117.47494703604,0.009568892028943718
23118.09116943820,0.02295932078357031
23118.70739184047,0.02764314173945117
23119.32361424264,0.02635851174325134
23119.93983664491,0.04043650655219233
23120.55605904707,0.05897981034632075
23121.17228144933,0.01139924067451629
23121.78850385150,0.01829930262218763
23122.40472625377,0.01672372240508278
23123.02094865593,0.02233614843307386
23123.63717105820,0.02881030256323570
23124.25339346036,0.01997296477075904
23124.86961586263,0.01570345919515371
23125.48583826480,0.02007859047592809
23126.10206066706,0.01729277525959743
23126.71828306923,0.02132547585694746
23127.33450547150,0.02531359609878251
23127.95072787366,0.01690309944052770
23128.56695027592,0.01742853743957462
23129.18317267809,0.02521720057406517
23129.79939508026,0.03381891773501116
23130.41561748252,0.02871636584530535
23131.03183988469,0.03229395546705008
23131.64806228695,0.02296498505051418
23132.26428468912,0.02497252998875828
23132.88050709138,0.04485849676859319
23133.49672949355,0.03633372352474597
23134.11295189582,0.01942329915719315
23134.72917429798,0.01725297091098284
23135.34539670025,0.06898726982939350
23135.96161910241,0.08214089489309820
23136.57784150468,0.02557680428499658
23137.19406390685,0.01661567651312862
23137.81028630911,0.01017789470074675
23138.42650871127,0.01839885211372600
23139.04273111354,0.01757529344675648
23139.65895351571,0.02609391323696924
23140.27517591797,0.02955914439988210
23140.89139832013,0.02994379961870614
23141.50762072240,0.007929167850699819
23142.12384312457,0.01882969685481044
23142.74006552684,0.01484222027967355
23143.35628792900,0.01178296901329497
23143.97251033117,0.01974590490631398
23144.58873273343,0.01466174901084175
23145.20495513560,0.01422852270297410
23145.82117753787,0.02200509777687308
23146.43739994003,0.03703647882580368
23147.05362234230,0.03117710363239421
23147.66984474447,0.03241970219320380
23148.28606714673,0.01616290848430465
23148.90228954889,0.01420712722192706
23149.51851195116,0.01249167179464374
23150.13473435332,0.01541477468102623
23150.75095675559,0.02800185719033912
23151.36717915775,0.01538018403266679
23151.98340156002,0.01828139581464466
23152.59962396219,0.009837764482101647
23153.21584636446,0.01092714719674658
23153.83206876662,0.02371354367381338
23154.44829116878,0.02931773076806794
23155.06451357105,0.01663790876088328
23155.68073597322,0.03668965833549784
23156.29695837549,0.02807003436700887
23156.91318077765,0.03333332270458072
23157.52940317991,0.03207201918952242
23158.14562558208,0.04863407826669381
23158.76184798435,0.02064454085695758
23159.37807038651,0.02354537931225052
23159.99429278878,0.01580640724685839
23160.61051519094,0.02251118715497314
23161.22673759321,0.006807295415798257
23161.84295999537,0.02157878444934374
23162.45918239764,0.02422739567229332
23163.07540479981,0.04167937545301514
23163.69162720207,0.03333883249151701
23164.30784960424,0.04783938161447006
23164.92407200650,0.01761502055536729
23165.54029440867,0.02770876999599619
23166.15651681084,0.03751868816940177
23166.77273921310,0.01920815999999812
23167.38896161526,0.04143820641454628
23168.00518401753,0.04395373311098305
23168.62140641970,0.01734034222859191
23169.23762882196,0.06493989363132530
23169.85385122412,0.02510772574204108
23170.47007362639,0.03502724748081038
23171.08629602856,0.03741807019114446
23171.70251843082,0.02113540108097903
23172.31874083299,0.05084636070829057
23172.93496323526,0.06656386471079827
23173.55118563742,0.02970394366030154
23174.16740803969,0.05081865729360151
23174.78363044185,0.02404207115655734
23175.39985284412,0.03186255717260522
23176.01607524629,0.04357825657927485
23176.63229764855,0.04236597471994889
23177.24852005071,0.02349078350291207
23177.86474245298,0.03468418600402184
23178.48096485515,0.06001992423722127
23179.09718725732,0.03972737895082277
23179.71340965958,0.02805801067308713
23180.32963206174,0.02422969999907275
23180.94585446401,0.02553281610284391
23181.56207686618,0.04124965069198552
23182.17829926844,0.01986386326541989
23182.79452167061,0.01311693606190923
23183.41074407287,0.01567499625376081
23184.02696647504,0.01656320480389413
23184.64318887730,0.01912515274260262
23185.25941127947,0.02249891886770609
23185.87563368174,0.03016699748296221
23186.49185608390,0.02937482400419527
23187.10807848617,0.02720983819157974
23187.72430088833,0.03478051716206937
23188.34052329060,0.03961677126540991
23188.95674569277,0.03604435672391843
23189.57296809504,0.02827087125017065
23190.18919049720,0.02569877912429905
23190.80541289946,0.03022875086598426
23191.42163530163,0.01861817510445911
23192.03785770379,0.03753501155686726
23192.65408010606,0.02436631181909152
23193.27030250823,0.02745042793002025
23193.88652491049,0.01309609413422261
23194.50274731266,0.03385587707681986
23195.11896971492,0.01494594073141603
23195.73519211709,0.01924351017506140
23196.35141451935,0.02572385637885960
23196.96763692152,0.02878302396856742
23197.58385932379,0.05337187711188287
23198.20008172595,0.1928610803714603
23198.81630412822,0.04998398893942164
23199.43252653039,0.03654666134183327
23200.04874893264,0.04905289931385651
23200.66497133481,0.05520931381513566
23201.28119373708,0.03974755146514330
23201.89741613925,0.03430088248526394
23202.51363854141,0.03495825928410095
23203.12986094368,0.04171405621471233
23203.74608334584,0.02491953047283129
23204.36230574811,0.03231424384137627
23204.97852815037,0.03414789578444383
23205.59475055254,0.02435620625193031
23206.21097295470,0.03977396754643604
23206.82719535697,0.02664977092417149
23207.44341775914,0.02405092801032411
23208.05964016140,0.02212542482942825
23208.67586256357,0.008029541235611835
23209.29208496584,0.02199040930282094
23209.90830736800,0.01544709962260813
23210.52452977026,0.01864154020560253
23211.14075217243,0.01727999203897185
23211.75697457470,0.01546743949027018
23212.37319697687,0.02114366576138348
23212.98941937913,0.01604447381184209
23213.60564178130,0.01951637336174796
23214.22186418356,0.03225295389837690
23214.83808658573,0.02211224253544981
23215.45430898799,0.01831383661623222
23216.07053139016,0.01637824074150913
23216.68675379232,0.02844365713862635
23217.30297619459,0.03818856497551716
23217.91919859675,0.02965448431121446
23218.53542099902,0.02013927537223118
23219.15164340119,0.003833871954286534
23219.76786580345,0.02594507174968531
23220.38408820561,0.05959561914979019
23221.00031060788,0.04578556991396177
23221.61653301005,0.02977645915051693
23222.23275541231,0.03247177482908543
23222.84897781448,0.01957121376443171
23223.46520021675,0.02466387893365369
23224.08142261891,0.02058832300753976
23224.69764502118,0.02609097811682560
23225.31386742334,0.02670445684684767
23225.93008982561,0.01793716286446545
23226.54631222778,0.02135191768490813
23227.16253463004,0.01400526047204822
23227.77875703220,0.03733637601381321
23228.39497943437,0.02553450250959311
23229.01120183664,0.01759115339419929
23229.62742423881,0.01807498477787676
23230.24364664107,0.02484534144920067
23230.85986904323,0.02580282140939062
23231.47609144550,0.02464661579280888
23232.09231384766,0.01731339834060668
23232.70853624993,0.02636398291018575
23233.32475865210,0.03573181792195692
23233.94098105436,0.02973091329495470
23234.55720345653,0.05039280740609484
23235.17342585880,0.02623392361715432
23235.78964826096,0.01298912960232138
23236.40587066323,0.02033228526834326
23237.02209306539,0.02624496893769485
23237.63831546766,0.01210210024957910
23238.25453786982,0.02214277808361081
23238.87076027209,0.02154432253432393
23239.48698267425,0.02248604553374277
23240.10320507642,0.01501160760796293
23240.71942747869,0.02323632918379306
23241.33564988085,0.02396067306590726
23241.95187228312,0.02141901350152496
23242.56809468528,0.01481971769190567
23243.18431708755,0.03086155247028528
23243.80053948972,0.04841914508284220
23244.41676189198,0.03859917283561125
23245.03298429415,0.03487221391989011
23245.64920669642,0.03546503094890106
23246.26542909858,0.04006216287387290
23246.88165150084,0.03176246700104039
23247.49787390301,0.02777949609279068
23248.11409630527,0.01627421132975152
23248.73031870744,0.03743416185859860
23249.34654110971,0.009266089329458663
23249.96276351187,0.02671708558746570
23250.57898591413,0.02599401616541386
23251.19520831630,0.01937555196152319
23251.81143071857,0.01105335993758977
23252.42765312074,0.006527443296103012
23253.04387552290,0.02348594312934187
23253.66009792517,0.02130178892245495
23254.27632032733,0.01187754811059010
23254.89254272960,0.04017446983936892
23255.50876513177,0.04677316060229193
23256.12498753403,0.01977548782776169
23256.74120993619,0.02365928257115799
23257.35743233846,0.06163180725610268
23257.97365474063,0.01963658455429745
23258.58987714289,0.01675486299994005
23259.20609954506,0.01210507270239123
23259.82232194733,0.01729513107971272
23260.43854434949,0.02177937673916021
23261.05476675175,0.01622336166059641
23261.67098915392,0.02673374368161423
23262.28721155619,0.01844872340949991
23262.90343395836,0.02417613405645137
23263.51965636062,0.02557988101181382
23264.13587876279,0.02618119444124056
23264.75210116495,0.01446478700120294
23265.36832356722,0.03022802995928231
23265.98454596938,0.01440300787151296
23266.60076837165,0.03727016845723986
23267.21699077381,0.03180227134965499
23267.83321317608,0.03458436617247024
23268.44943557824,0.04046606372697211
23269.06565798051,0.02295114621650361
23269.68188038268,0.01806351463731544
23270.29810278494,0.03830434774118327
23270.91432518710,0.02355963009294791
23271.53054758937,0.02299285581854477
23272.14676999154,0.02817429549877781
23272.76299239380,0.008825984799254408
23273.37921479597,0.01594104944678077
23273.99543719824,0.02870376285135525
23274.61165960040,0.02028232385923161
23275.22788200267,0.01359792243878081
23275.84410440483,0.02881298021670007
23276.46032680700,0.02618550700811827
23277.07654920927,0.02260493077289404
23277.69277161143,0.02538421920890530
23278.30899401370,0.04662606988842703
23278.92521641586,0.03196079358407932
23279.54143881813,0.02244528855841489
23280.15766122030,0.03534600410307619
23280.77388362256,0.03329493442270209
23281.39010602472,0.03007004840488444
23282.00632842699,0.01810954967956828
23282.62255082915,0.01591983419240922
23283.23877323142,0.03233728710917062
23283.85499563359,0.02898946075200324
23284.47121803585,0.01486575273415850
23285.08744043802,0.02661434350910443
23285.70366284029,0.02695118716558869
23286.31988524245,0.04291488080681095
23286.93610764472,0.06030779773130906
23287.55233004688,0.04512155047479970
23288.16855244915,0.03406981901395629
23288.78477485132,0.06523468010575138
23289.40099725348,0.02621902916975876
23290.01721965574,0.01619939151275670
23290.63344205791,0.01772996655432579
23291.24966446018,0.02273577533929724
23291.86588686234,0.01850633157898577
23292.48210926461,0.01458938800063392
23293.09833166677,0.01783421481276076
23293.71455406904,0.01064644801167654
23294.33077647121,0.01593001699957420
23294.94699887347,0.02436699410579157
23295.56322127564,0.02131517718977681
23296.17944367791,0.02165249715961771
23296.79566608007,0.01017453476058232
23297.41188848233,0.01133179599054905
23298.02811088450,0.01618284927861383
23298.64433328676,0.02676927408335300
23299.26055568893,0.02046202272802562
23299.87677809119,0.03552544550519092
23300.49300049336,0.03710143766898261
23301.10922289562,0.02483436049532995
23301.72544529779,0.02211134140207238
23302.34166769995,0.01837477897921459
23302.95789010223,0.01370251827723279
23303.57411250439,0.01958005774486451
23304.19033490666,0.02472397165659447
23304.80655730882,0.02055607530596164
23305.42277971109,0.02750528120603796
23306.03900211326,0.02686552800139675
23306.65522451552,0.01842549991503008
23307.27144691768,0.01337668132128717
23307.88766931995,0.01419475594798831
23308.50389172212,0.01159761102689069
23309.12011412438,0.02064436063028210
23309.73633652655,0.01875490278448354
23310.35255892881,0.01488600248848281
23310.96878133098,0.02532209249919831
23311.58500373325,0.01624703572175495
23312.20122613541,0.01479651994410376
23312.81744853757,0.02378048501042265
23313.43367093984,0.01589023839762754
23314.04989334211,0.02919172657523495
23314.66611574428,0.02220925598019740
23315.28233814644,0.01802024736186472
23315.89856054871,0.03621214775879637
23316.51478295087,0.02683371799317338
23317.13100535314,0.03671519903008107
23317.74722775530,0.04277745796675249
23318.36345015757,0.02467905659439645
23318.97967255973,0.02476637641866965
23319.59589496200,0.01984062689761610
23320.21211736416,0.02603835192758354
23320.82833976643,0.02131126369625196
23321.44456216860,0.02216077500449153
23322.06078457087,0.03059659351065220
23322.67700697303,0.02201773939082507
23323.29322937530,0.02648532695612402
23323.90945177746,0.02868961505732956
23324.52567417973,0.03915061496926409
